# step, loss_train, loss_test, metrics_test
0.000000000000000000e+00 1.786749389648437500e+03 2.580084838867187500e+02 1.041705626994371414e-02 3.011206054687500000e+01 9.388756752014160156e-02 2.461027503013610840e-01 6.299735605716705322e-02 1.781080932617187500e+03 2.576503601074218750e+02 1.088672690093517303e-02 3.103567886352539062e+01 9.307171404361724854e-02 2.461027503013610840e-01 6.299735605716705322e-02 1.131706256336560745e+00
5.000000000000000000e+02 1.026968002319335938e+02 2.943715286254882812e+01 2.582387924194335938e+00 5.622210502624511719e+00 2.483277702331542969e+01 2.177742719650268555e-01 9.652300924062728882e-02 1.000734252929687500e+02 2.836204910278320312e+01 2.567261219024658203e+00 5.576266288757324219e+00 2.399891281127929688e+01 2.177742719650268555e-01 9.652300924062728882e-02 9.680477353579757249e-01
1.000000000000000000e+03 1.996503257751464844e+01 3.752034664154052734e+00 2.051740884780883789e+00 4.703792095184326172e+00 3.026868820190429688e+01 7.868627458810806274e-02 1.004803478717803955e-01 1.954023551940917969e+01 3.391649246215820312e+00 1.910148262977600098e+00 4.404629707336425781e+00 2.882559776306152344e+01 7.868627458810806274e-02 1.004803329706192017e-01 1.003748788994349050e+00
1.500000000000000000e+03 7.749823570251464844e+00 1.329938411712646484e+00 1.343095421791076660e+00 3.424362421035766602e+00 2.500852203369140625e+01 4.404221102595329285e-02 1.325592994689941406e-01 7.785598754882812500e+00 9.880601763725280762e-01 1.216289877891540527e+00 3.231322288513183594e+00 2.364620780944824219e+01 4.404221102595329285e-02 1.325593143701553345e-01 9.017438259363923514e-01
2.000000000000000000e+03 4.556784629821777344e+00 1.109537363052368164e+00 8.567708134651184082e-01 2.475269317626953125e+00 1.893819427490234375e+01 2.707433886826038361e-02 1.110040098428726196e-01 4.593112945556640625e+00 7.025511264801025391e-01 7.564641833305358887e-01 2.350791692733764648e+00 1.786306381225585938e+01 2.707434073090553284e-02 1.110040172934532166e-01 7.828764594827244405e-01
2.500000000000000000e+03 3.107665300369262695e+00 7.487471699714660645e-01 6.173256039619445801e-01 1.810527324676513672e+00 1.359094047546386719e+01 1.615841314196586609e-02 8.239042758941650391e-02 3.115902185440063477e+00 4.431322813034057617e-01 5.326437950134277344e-01 1.729689836502075195e+00 1.278953742980957031e+01 1.615841314196586609e-02 8.239042758941650391e-02 6.686430852913268774e-01
3.000000000000000000e+03 2.117605686187744141e+00 4.717780947685241699e-01 4.979835748672485352e-01 1.147932767868041992e+00 8.915857315063476562e+00 9.829776361584663391e-03 5.195172503590583801e-02 2.098282814025878906e+00 2.750158905982971191e-01 4.111752808094024658e-01 1.096597194671630859e+00 8.389207839965820312e+00 9.829774498939514160e-03 5.195173248648643494e-02 5.489444522486436329e-01
3.500000000000000000e+03 1.343608379364013672e+00 3.008714616298675537e-01 4.211795926094055176e-01 6.781789064407348633e-01 5.547812461853027344e+00 5.872560199350118637e-03 3.075939416885375977e-02 1.290566682815551758e+00 1.747506558895111084e-01 3.314015567302703857e-01 6.512188911437988281e-01 5.210310935974121094e+00 5.872560665011405945e-03 3.075939044356346130e-02 4.401507422109686707e-01
4.000000000000000000e+03 8.719791173934936523e-01 1.642492264509201050e-01 3.460289239883422852e-01 3.696359694004058838e-01 3.234807014465332031e+00 3.793545765802264214e-03 1.635306887328624725e-02 8.178873658180236816e-01 9.677058458328247070e-02 2.605713903903961182e-01 3.547678589820861816e-01 3.007704019546508789e+00 3.793547628447413445e-03 1.635306514799594879e-02 3.445058363137547541e-01
4.500000000000000000e+03 6.313533782958984375e-01 1.067767292261123657e-01 2.515114545822143555e-01 2.216902524232864380e-01 1.890524387359619141e+00 2.633862197399139404e-03 8.360097184777259827e-03 5.383055210113525391e-01 6.781698763370513916e-02 1.811217367649078369e-01 2.085816562175750732e-01 1.717917323112487793e+00 2.633861731737852097e-03 8.360098116099834442e-03 2.689701025102829712e-01
5.000000000000000000e+03 4.808115363121032715e-01 6.360388547182083130e-02 1.716801822185516357e-01 1.489677876234054565e-01 1.148926138877868652e+00 1.886964892037212849e-03 4.377136006951332092e-03 3.633865416049957275e-01 3.908605501055717468e-02 1.199610084295272827e-01 1.301487684249877930e-01 1.013411521911621094e+00 1.886964659206569195e-03 4.377136938273906708e-03 2.121263463378992853e-01
5.500000000000000000e+03 4.139622449874877930e-01 4.075907543301582336e-02 1.231193318963050842e-01 1.164299398660659790e-01 7.312507629394531250e-01 1.737274229526519775e-03 2.311199204996228218e-03 2.720427811145782471e-01 2.567095682024955750e-02 8.408588171005249023e-02 9.057181328535079956e-02 6.228119134902954102e-01 1.737274229526519775e-03 2.311201533302664757e-03 1.725055510876111475e-01
6.000000000000000000e+03 3.756604492664337158e-01 2.828736975789070129e-02 9.367606788873672485e-02 9.940371662378311157e-02 4.895080327987670898e-01 1.692286226898431778e-03 1.421402557753026485e-03 2.225995957851409912e-01 2.017066255211830139e-02 6.396932154893875122e-02 6.903147697448730469e-02 4.041830003261566162e-01 1.692286692559719086e-03 1.421402557753026485e-03 1.438355840775993599e-01
6.500000000000000000e+03 3.597688078880310059e-01 2.536201477050781250e-02 7.738474011421203613e-02 8.824864774942398071e-02 3.361970782279968262e-01 1.787572866305708885e-03 1.107978983782231808e-03 2.088204026222229004e-01 2.145304344594478607e-02 5.511327460408210754e-02 5.734744295477867126e-02 2.715758979320526123e-01 1.787574496120214462e-03 1.107977353967726231e-03 1.216376535218373495e-01
7.000000000000000000e+03 3.203766942024230957e-01 1.830923557281494141e-02 6.340260058641433716e-02 7.927061617374420166e-02 2.420744597911834717e-01 2.072630217298865318e-03 7.522747037000954151e-04 1.707140803337097168e-01 1.448958646506071091e-02 4.300650954246520996e-02 4.910203069448471069e-02 1.924083977937698364e-01 2.072630217298865318e-03 7.522742380388081074e-04 1.054664517050653838e-01
7.500000000000000000e+03 2.714814245700836182e-01 1.306456141173839569e-02 5.221902206540107727e-02 7.058063149452209473e-02 1.785590201616287231e-01 2.274732338264584541e-03 6.766250589862465858e-04 1.363844573497772217e-01 1.074545644223690033e-02 3.447297960519790649e-02 4.202815890312194824e-02 1.404114961624145508e-01 2.274731639772653580e-03 6.766259321011602879e-04 9.291590793327607345e-02
8.000000000000000000e+03 2.349528521299362183e-01 1.140006445348262787e-02 4.340778291225433350e-02 6.142179295420646667e-02 1.332024633884429932e-01 2.493136562407016754e-03 5.790323484688997269e-04 1.139904186129570007e-01 9.959613904356956482e-03 2.799655124545097351e-02 3.561051189899444580e-02 1.041655614972114563e-01 2.493136096745729446e-03 5.790317081846296787e-04 8.249153765370825786e-02
8.500000000000000000e+03 2.041500061750411987e-01 1.090797595679759979e-02 3.640219941735267639e-02 5.480012670159339905e-02 9.988669306039810181e-02 2.588672097772359848e-03 5.486388690769672394e-04 9.773022681474685669e-02 1.007829234004020691e-02 2.258065529167652130e-02 3.142163902521133423e-02 7.684212923049926758e-02 2.588672330603003502e-03 5.486371810548007488e-04 7.471085994004572628e-02
9.000000000000000000e+03 1.805549561977386475e-01 9.814159944653511047e-03 3.227739408612251282e-02 4.871098697185516357e-02 7.773333787918090820e-02 2.519095549359917641e-03 4.629054164979606867e-04 8.184750378131866455e-02 8.622409775853157043e-03 1.937293075025081635e-02 2.781640738248825073e-02 5.863435566425323486e-02 2.519096015021204948e-03 4.629045724868774414e-04 6.899133525362691199e-02
9.500000000000000000e+03 1.579983532428741455e-01 8.034296333789825439e-03 2.782864123582839966e-02 4.458636790513992310e-02 6.094515696167945862e-02 2.314523095265030861e-03 3.995255392510443926e-04 7.068558037281036377e-02 6.818741559982299805e-03 1.618942245841026306e-02 2.570198848843574524e-02 4.521470516920089722e-02 2.314526587724685669e-03 3.995242295786738396e-04 6.470808181604900677e-02
1.000000000000000000e+04 1.363864541053771973e-01 6.829118821769952774e-03 2.418332919478416443e-02 3.920981287956237793e-02 4.706729203462600708e-02 1.988088013604283333e-03 3.384228621143847704e-04 6.005511805415153503e-02 6.214588414877653122e-03 1.373743265867233276e-02 2.270906046032905579e-02 3.443770483136177063e-02 1.988086616620421410e-03 3.384226874914020300e-04 6.086679313854102130e-02
1.050000000000000000e+04 1.153774708509445190e-01 6.554767489433288574e-03 2.107102423906326294e-02 3.295438736677169800e-02 3.478645905852317810e-02 1.605582307092845440e-03 2.723555953707545996e-04 5.064902454614639282e-02 5.952282808721065521e-03 1.162347383797168732e-02 1.935850270092487335e-02 2.509761787950992584e-02 1.605583704076707363e-03 2.723558282013982534e-04 5.676320789509783221e-02
1.100000000000000000e+04 9.602302312850952148e-02 6.656858138740062714e-03 1.865943893790245056e-02 2.647521719336509705e-02 2.561153471469879150e-02 1.225366140715777874e-03 2.026723668677732348e-04 4.168095439672470093e-02 6.010189652442932129e-03 1.018398534506559372e-02 1.567424461245536804e-02 1.847101747989654541e-02 1.225367770530283451e-03 2.026720903813838959e-04 5.276697689763960863e-02
1.150000000000000000e+04 7.555527240037918091e-02 6.781926378607749939e-03 1.599428430199623108e-02 1.980380713939666748e-02 1.741955988109111786e-02 9.098836453631520271e-04 1.784436317393556237e-04 3.867195546627044678e-02 6.590572185814380646e-03 8.621415123343467712e-03 1.196905970573425293e-02 1.277977414429187775e-02 9.098837035708129406e-04 1.784432388376444578e-04 4.901024128246747602e-02
1.200000000000000000e+04 5.436582863330841064e-02 6.157150492072105408e-03 1.289474032819271088e-02 1.354614179581403732e-02 1.201664470136165619e-02 6.411311915144324303e-04 1.412829296896234155e-04 2.875738218426704407e-02 5.831899121403694153e-03 6.521239876747131348e-03 8.457820862531661987e-03 9.212017059326171875e-03 6.411310750991106033e-04 1.412830606568604708e-04 4.470083158222674241e-02
1.250000000000000000e+04 3.202044963836669922e-02 4.419947043061256409e-03 1.026193890720605850e-02 9.023291990160942078e-03 8.707337081432342529e-03 4.364695050753653049e-04 1.336723362328484654e-04 2.012954279780387878e-02 4.403890110552310944e-03 5.032077897340059280e-03 5.733098369091749191e-03 6.803032010793685913e-03 4.364702326711267233e-04 1.336722489213570952e-04 4.187287058568424369e-02
1.300000000000000000e+04 1.747183501720428467e-02 3.911069594323635101e-03 8.294459432363510132e-03 5.965041927993297577e-03 6.581824272871017456e-03 2.683594066184014082e-04 1.035505338222719729e-04 1.169937476515769958e-02 3.934758715331554413e-03 3.874846035614609718e-03 3.865462960675358772e-03 5.238851532340049744e-03 2.683592610992491245e-04 1.035502937156707048e-04 3.813579607956876782e-02
1.350000000000000000e+04 1.258126460015773773e-02 3.965188283473253250e-03 6.952777504920959473e-03 4.551742225885391235e-03 5.083242431282997131e-03 1.655683590797707438e-04 9.190991113428026438e-05 9.238874539732933044e-03 3.838144708424806595e-03 3.183831460773944855e-03 3.014206420630216599e-03 4.054848104715347290e-03 1.655688538448885083e-04 9.190983837470412254e-05 3.547222206466237732e-02
1.400000000000000000e+04 9.405009448528289795e-03 3.020351752638816833e-03 6.134108174592256546e-03 3.717952407896518707e-03 4.090695176273584366e-03 1.031310821417719126e-04 8.532667561667039990e-05 7.345944643020629883e-03 3.028906881809234619e-03 2.770853694528341293e-03 2.411092631518840790e-03 3.300978569313883781e-03 1.031312349368818104e-04 8.532659558113664389e-05 3.372735990248885984e-02
1.450000000000000000e+04 9.473201818764209747e-03 4.408781416714191437e-03 5.583730526268482208e-03 3.129424992948770523e-03 3.361974842846393585e-03 6.599943299079313874e-05 8.383855310967192054e-05 7.820345461368560791e-03 4.156685899943113327e-03 2.592287492007017136e-03 2.059836639091372490e-03 2.729289233684539795e-03 6.599980406463146210e-05 8.383836393477395177e-05 3.164989214397685019e-02
1.500000000000000000e+04 8.268672972917556763e-03 5.277948919683694839e-03 5.077263806015253067e-03 2.703551435843110085e-03 2.786763710901141167e-03 4.992415051674470305e-05 7.305524923140183091e-05 7.296913303434848785e-03 5.133115686476230621e-03 2.390523441135883331e-03 1.733243698254227638e-03 2.298874780535697937e-03 4.992437970940954983e-05 7.305548206204548478e-05 3.047336499506411375e-02
1.550000000000000000e+04 5.092438310384750366e-03 4.869753960520029068e-03 4.347829148173332214e-03 2.370623638853430748e-03 2.279292792081832886e-03 3.522646147757768631e-05 7.908645784482359886e-05 4.918969236314296722e-03 4.545534029603004456e-03 1.969790784642100334e-03 1.536459662020206451e-03 1.886630197986960411e-03 3.522647966747172177e-05 7.908642146503552794e-05 2.872341528849856399e-02
1.600000000000000000e+04 4.010922275483608246e-03 2.509017242118716240e-03 3.912308253347873688e-03 1.861516735516488552e-03 1.944416551850736141e-03 3.005144571943674237e-05 6.968679372221231461e-05 3.692995524033904076e-03 2.347870729863643646e-03 1.739481929689645767e-03 1.177336089313030243e-03 1.615711254999041557e-03 3.005156759172677994e-05 6.968684465391561389e-05 2.792905850795591310e-02
1.650000000000000000e+04 3.516940865665674210e-03 2.759771654382348061e-03 3.643449395895004272e-03 1.761529711075127125e-03 1.711159129627048969e-03 2.271555968036409467e-05 7.804595952620729804e-05 3.420190420001745224e-03 2.618991537019610405e-03 1.683081034570932388e-03 1.148725161328911781e-03 1.428058603778481483e-03 2.271556695632170886e-05 7.804579217918217182e-05 2.700199826682945017e-02
1.700000000000000000e+04 5.966899450868368149e-03 3.121454734355211258e-03 3.658684901893138885e-03 1.632007420994341373e-03 1.506363740190863609e-03 2.854796730389352888e-05 6.166502134874463081e-05 7.661236450076103210e-03 3.366732038557529449e-03 1.913222484290599823e-03 1.103487215004861355e-03 1.248976215720176697e-03 2.854785998351871967e-05 6.166514504002407193e-05 2.692787798298899860e-02
1.750000000000000000e+04 7.106600329279899597e-03 4.368725232779979706e-03 3.853869624435901642e-03 1.660049660131335258e-03 1.438945299014449120e-03 1.597853406565263867e-05 7.287901826202869415e-05 7.352851796895265579e-03 4.352885764092206955e-03 2.248898614197969437e-03 1.174802426248788834e-03 1.210717484354972839e-03 1.597858681634534150e-05 7.287930930033326149e-05 2.517844703931457553e-02
1.800000000000000000e+04 1.089114136993885040e-02 2.996244933456182480e-03 4.448532592505216599e-03 1.510106027126312256e-03 1.278193900361657143e-03 1.554743175802286714e-05 7.148652366595342755e-05 9.065025486052036285e-03 2.668105997145175934e-03 2.954452531412243843e-03 1.110322307795286179e-03 1.066182274371385574e-03 1.554751179355662316e-05 7.148672011680901051e-05 2.390659146273381788e-02
1.850000000000000000e+04 3.449689131230115891e-03 5.109456367790699005e-03 2.568034920841455460e-03 1.222691964358091354e-03 1.143884379416704178e-03 1.913115193019621074e-05 5.229830640018917620e-05 4.243545699864625931e-03 5.513693206012248993e-03 1.182869076728820801e-03 8.286279626190662384e-04 9.417303372174501419e-04 1.913125379360280931e-05 5.229820089880377054e-05 2.425043539331710879e-02
1.900000000000000000e+04 1.012538652867078781e-02 6.396715063601732254e-03 3.699627006426453590e-03 1.670132391154766083e-03 1.124410191550850868e-03 2.625029264891054481e-05 4.559204171528108418e-05 1.335129048675298691e-02 7.252294104546308517e-03 2.512764651328325272e-03 1.302125863730907440e-03 9.289916488341987133e-04 2.625031265779398382e-05 4.559215085464529693e-05 2.417518729915282480e-02
1.950000000000000000e+04 3.406249452382326126e-03 2.140829572454094887e-03 2.265565562993288040e-03 1.024364726617932320e-03 1.021320931613445282e-03 1.574420457473024726e-05 4.673759394790977240e-05 3.657668363302946091e-03 2.149696694687008858e-03 1.059424947015941143e-03 6.331186741590499878e-04 8.302268106490373611e-04 1.574419184180442244e-05 4.673762668971903622e-05 2.242620363891406621e-02
2.000000000000000000e+04 3.598074428737163544e-03 1.851395703852176666e-03 2.260604407638311386e-03 9.561252663843333721e-04 9.465285111218690872e-04 1.736414742481429130e-05 4.452727807802148163e-05 5.732286255806684494e-03 2.123199403285980225e-03 1.193589647300541401e-03 6.033963290974497795e-04 7.672652136534452438e-04 1.736410558805800974e-05 4.452708890312351286e-05 2.222215069892534076e-02
2.050000000000000000e+04 4.551825579255819321e-03 3.751287003979086876e-03 2.329972106963396072e-03 1.022348413243889809e-03 9.713509352877736092e-04 1.756994242896325886e-05 3.753905184566974640e-05 6.083598360419273376e-03 3.875159425660967827e-03 1.303612720221281052e-03 7.025243248790502548e-04 7.961355731822550297e-04 1.757002246449701488e-05 3.753928103833459318e-05 2.151054128702967541e-02
2.100000000000000000e+04 5.748459603637456894e-03 1.547415507957339287e-03 2.265877556055784225e-03 8.474905043840408325e-04 8.327204850502312183e-04 1.247999898623675108e-05 4.759368312079459429e-05 5.598375573754310608e-03 1.821457641199231148e-03 1.260115765035152435e-03 5.484683206304907799e-04 6.673155585303902626e-04 1.248002172360429540e-05 4.759361036121845245e-05 2.113635723105199496e-02
2.150000000000000000e+04 4.221347160637378693e-03 1.803456572815775871e-03 2.189641818404197693e-03 8.531697676517069340e-04 8.070858893916010857e-04 1.078663990483619273e-05 4.372001058072783053e-05 3.793167881667613983e-03 1.643872936256229877e-03 1.229778630658984184e-03 5.309133557602763176e-04 6.502122851088643074e-04 1.078675904864212498e-05 4.372002149466425180e-05 2.000114421999406311e-02
2.200000000000000000e+04 1.127242110669612885e-02 2.979158889502286911e-03 3.213292919099330902e-03 9.953570552170276642e-04 7.951415609568357468e-04 9.727797078085131943e-06 4.582394831231795251e-05 9.698544628918170929e-03 2.538390224799513817e-03 2.310936804860830307e-03 7.406742661260068417e-04 6.384821608662605286e-04 9.727814358484465629e-06 4.582398469210602343e-05 1.933088102598362265e-02
2.250000000000000000e+04 7.273372728377580643e-03 2.886192873120307922e-03 2.393963746726512909e-03 8.903176058083772659e-04 7.480198983103036880e-04 9.649022103985771537e-06 4.372878902358934283e-05 6.599060259759426117e-03 2.492417115718126297e-03 1.535316812805831432e-03 6.494506960734724998e-04 5.967155448161065578e-04 9.649092135077808052e-06 4.372864714241586626e-05 1.908575496256227286e-02
2.300000000000000000e+04 2.249888842925429344e-03 1.180741004645824432e-03 1.580490148626267910e-03 6.215977482497692108e-04 6.778197130188345909e-04 1.027213420456973836e-05 3.653404564829543233e-05 2.466446720063686371e-03 1.159868901595473289e-03 7.674614898860454559e-04 3.873507957905530930e-04 5.332764121703803539e-04 1.027221969707170501e-05 3.653393650893121958e-05 1.884364334102981917e-02
2.350000000000000000e+04 4.591265693306922913e-03 3.356843255460262299e-03 1.917489804327487946e-03 8.748417603783309460e-04 6.930462550371885300e-04 1.562915895192418247e-05 3.193035445292480290e-05 6.992178037762641907e-03 3.894775174558162689e-03 1.208446919918060303e-03 6.166351377032697201e-04 5.498329410329461098e-04 1.562933721288572997e-05 3.193063093931414187e-05 1.965462324386962195e-02
2.400000000000000000e+04 5.384149029850959778e-03 1.770929433405399323e-03 1.835870556533336639e-03 7.353151449933648109e-04 6.602434441447257996e-04 1.485374014009721577e-05 2.701832636375911534e-05 8.315356448292732239e-03 2.143125748261809349e-03 1.180509687401354313e-03 5.122245056554675102e-04 5.146038020029664040e-04 1.485384746047202498e-05 2.701830999285448343e-05 1.890028079297977059e-02
2.450000000000000000e+04 3.240838879719376564e-03 2.461164025589823723e-03 1.386918826028704643e-03 6.031627999618649483e-04 6.274299812503159046e-04 9.770073120307642967e-06 3.317038135719485581e-05 4.519830923527479172e-03 2.500439994037151337e-03 7.154579507187008858e-04 3.885855257976800203e-04 4.894777666777372360e-04 9.770170436240732670e-06 3.317034497740678489e-05 1.792701077861457576e-02
2.500000000000000000e+04 3.000265918672084808e-03 2.338598249480128288e-03 1.633206382393836975e-03 6.931000971235334873e-04 6.187517428770661354e-04 1.365880325465695933e-05 2.793304338410962373e-05 4.042178392410278320e-03 2.270434051752090454e-03 9.879939025267958641e-04 4.370189562905579805e-04 4.864410730078816414e-04 1.365892603644169867e-05 2.793310522974934429e-05 1.747544141463677064e-02
2.550000000000000000e+04 4.755698144435882568e-03 2.115103881806135178e-03 1.660654321312904358e-03 7.476549944840371609e-04 5.852620233781635761e-04 1.243826682184590027e-05 2.823061004164628685e-05 7.168631069362163544e-03 2.722581848502159119e-03 1.081264577805995941e-03 5.547886248677968979e-04 4.575246130116283894e-04 1.243833230546442792e-05 2.823053728207014501e-05 1.819484438013800956e-02
2.600000000000000000e+04 3.454200690612196922e-03 2.425278071314096451e-03 1.290940912440419197e-03 5.959301488474011421e-04 5.653029656969010830e-04 1.054575022862991318e-05 3.054119588341563940e-05 5.412553437054157257e-03 2.675698837265372276e-03 7.206016452983021736e-04 4.109683795832097530e-04 4.379439633339643478e-04 1.054582662618486211e-05 3.054140688618645072e-05 1.741452002127493251e-02
2.650000000000000000e+04 2.830891404300928116e-03 2.236809348687529564e-03 1.346360309980809689e-03 6.433537928387522697e-04 5.311418790370225906e-04 1.083680854208068922e-05 2.679635872482322156e-05 4.559035412967205048e-03 2.798307919874787331e-03 7.824072381481528282e-04 4.557630745694041252e-04 4.112364840693771839e-04 1.083685765479458496e-05 2.679637145774904639e-05 1.737172633379055128e-02
2.700000000000000000e+04 3.422795329242944717e-03 7.198616513051092625e-04 1.387738157063722610e-03 4.838933236896991730e-04 5.076514789834618568e-04 7.256034677993739024e-06 2.960269739560317248e-05 2.926688641309738159e-03 8.505278965458273888e-04 8.184920297935605049e-04 3.025443584192544222e-04 3.913331893272697926e-04 7.255926902871578932e-06 2.960270649055019021e-05 1.629284113585921512e-02
2.750000000000000000e+04 2.855591941624879837e-03 2.066794782876968384e-03 1.203203573822975159e-03 5.254798452369868755e-04 5.109565681777894497e-04 6.755049525963841006e-06 2.539795241318643093e-05 2.435629488900303841e-03 1.879049930721521378e-03 6.365089211612939835e-04 3.381249844096601009e-04 3.938881563954055309e-04 6.755084086762508377e-06 2.539800152590032667e-05 1.583297124669075934e-02
2.800000000000000000e+04 1.703774789348244667e-03 2.442671451717615128e-03 1.135744270868599415e-03 5.488430615514516830e-04 4.852858255617320538e-04 9.074530680663883686e-06 2.251780824735760689e-05 2.739578019827604294e-03 2.298843814060091972e-03 6.061212625354528427e-04 3.896208945661783218e-04 3.675373736768960953e-04 9.074623449123464525e-06 2.251777368655893952e-05 1.545881200445764492e-02
2.850000000000000000e+04 1.448726467788219452e-02 2.375914249569177628e-03 3.384329611435532570e-03 7.307219784706830978e-04 5.212214309722185135e-04 8.187509592971764505e-06 3.050295345019549131e-05 1.281575765460729599e-02 2.219477901235222816e-03 2.894467441365122795e-03 5.840071826241910458e-04 4.123849794268608093e-04 8.187478670151904225e-06 3.050285340577829629e-05 1.550053139383371706e-02
2.900000000000000000e+04 2.121418714523315430e-03 8.693425916135311127e-04 9.696083725430071354e-04 4.016745951958000660e-04 4.841139307245612144e-04 8.446726496913470328e-06 2.137259980372618884e-05 2.665203530341386795e-03 7.720569847151637077e-04 4.630587645806372166e-04 2.359561331104487181e-04 3.758436650969088078e-04 8.446867468592245132e-06 2.137268893420696259e-05 1.500370799319667402e-02
2.950000000000000000e+04 4.190748557448387146e-03 1.153161283582448959e-03 1.165306428447365761e-03 4.183935816399753094e-04 4.817866138182580471e-04 9.779878382687456906e-06 1.920312024594750255e-05 5.939482711255550385e-03 1.388119766488671303e-03 7.204419234767556190e-04 2.383606042712926865e-04 3.752965421881526709e-04 9.779918400454334915e-06 1.920317663461901248e-05 1.523366658966813884e-02
3.000000000000000000e+04 3.046051599085330963e-03 1.051156665198504925e-03 1.055505592375993729e-03 4.676054813899099827e-04 4.599409003276377916e-04 9.314062481280416250e-06 1.782380786607973278e-05 4.767052363604307175e-03 1.263853278942406178e-03 6.495627458207309246e-04 3.023513127118349075e-04 3.516633587423712015e-04 9.314067938248626888e-06 1.782388972060289234e-05 1.486585781158218135e-02
3.050000000000000000e+04 3.409056924283504486e-03 1.624323660507798195e-03 1.270455308258533478e-03 4.884155932813882828e-04 4.460532800294458866e-04 6.201424639584729448e-06 2.414692607999313623e-05 3.482041880488395691e-03 1.555343158543109894e-03 8.329467382282018661e-04 3.606105456128716469e-04 3.444846952334046364e-04 6.201461474120151252e-06 2.414685695839580148e-05 1.442736956066409566e-02
3.100000000000000000e+04 7.698288653045892715e-03 4.391797818243503571e-03 2.119573997333645821e-03 8.490064647048711777e-04 4.735750553663820028e-04 5.235227035882417113e-06 2.617041718622203916e-05 6.686910055577754974e-03 4.162050783634185791e-03 1.679964363574981689e-03 7.317516719922423363e-04 3.765225410461425781e-04 5.235285243543330580e-06 2.617030804685782641e-05 1.387977083660547201e-02
3.150000000000000000e+04 1.481632003560662270e-03 5.354784661903977394e-04 8.728565881028771400e-04 3.772510390263050795e-04 3.941169707104563713e-04 7.355183697654865682e-06 1.737301136017777026e-05 2.881341148167848587e-03 7.010059198364615440e-04 4.851065168622881174e-04 2.440353564452379942e-04 2.964726299978792667e-04 7.355228717642603442e-06 1.737310958560556173e-05 1.407917491140439972e-02
3.200000000000000000e+04 3.368831705302000046e-03 3.257716773077845573e-03 1.154172467067837715e-03 5.162359448149800301e-04 4.024305380880832672e-04 5.184571818972472101e-06 2.100014171446673572e-05 3.558421041816473007e-03 3.097695298492908478e-03 7.439847104251384735e-04 3.754314384423196316e-04 3.093404520768672228e-04 5.184630936128087342e-06 2.100007623084820807e-05 1.351349445297803271e-02
3.250000000000000000e+04 9.368970990180969238e-03 2.657303586602210999e-03 2.578244078904390335e-03 8.619789732620120049e-04 4.733381210826337337e-04 1.309709841734729707e-05 1.433622310287319124e-05 1.238483656197786331e-02 3.364004194736480713e-03 2.296885475516319275e-03 7.334303809329867363e-04 3.833147056866437197e-04 1.309711842623073608e-05 1.433623492630431429e-05 1.454233949496890402e-02
3.300000000000000000e+04 3.664643969386816025e-03 7.700743153691291809e-04 8.629597723484039307e-04 3.206172841601073742e-04 3.644863609224557877e-04 7.119257134036161005e-06 1.726798654999583960e-05 4.263538401573896408e-03 9.421777212992310524e-04 5.362989613786339760e-04 2.004692214541137218e-04 2.735667221713811159e-04 7.119308520486811176e-06 1.726783921185415238e-05 1.352581057180500014e-02
3.350000000000000000e+04 1.797865703701972961e-02 6.743707694113254547e-03 3.741343971341848373e-03 1.184575958177447319e-03 4.957615165039896965e-04 7.437582553393440321e-06 2.483210846548900008e-05 1.599252037703990936e-02 6.078760139644145966e-03 3.414202481508255005e-03 1.100903609767556190e-03 4.040500498376786709e-04 7.437571184709668159e-06 2.483202842995524406e-05 1.256586574325843988e-02
3.400000000000000000e+04 5.525765009224414825e-03 1.680559827946126461e-03 1.186719629913568497e-03 4.648113972507417202e-04 3.768827009480446577e-04 6.713742550346069038e-06 1.841841003624722362e-05 8.484660647809505463e-03 2.067218068987131119e-03 8.837992791086435318e-04 3.747361188288778067e-04 2.929510665126144886e-04 6.713731636409647763e-06 1.841835000959690660e-05 1.368862883488476331e-02
3.450000000000000000e+04 2.214368805289268494e-02 3.896787762641906738e-03 3.416970605030655861e-03 8.307598764076828957e-04 4.853145801462233067e-04 1.349686863250099123e-05 1.290112231799867004e-05 2.793784067034721375e-02 4.718735348433256149e-03 3.289685118943452835e-03 7.045505917631089687e-04 3.977704909630119801e-04 1.349681861029239371e-05 1.290111049456754699e-05 1.448525786830007038e-02
3.500000000000000000e+04 1.597375259734690189e-03 1.168425893411040306e-03 7.344761397689580917e-04 2.916320518124848604e-04 3.355223452672362328e-04 4.157823696004925296e-06 1.711312688712496310e-05 1.700749038718640804e-03 1.181849977001547813e-03 4.006329691037535667e-04 1.868497347459197044e-04 2.539419801905751228e-04 4.157863259024452418e-06 1.711293953121639788e-05 1.249754832993349961e-02
3.550000000000000000e+04 4.214066546410322189e-03 2.793869934976100922e-03 1.632382627576589584e-03 6.950739189051091671e-04 3.686806885525584221e-04 8.725449333724100143e-06 1.433250781701644883e-05 7.225902751088142395e-03 3.393019083887338638e-03 1.384277595207095146e-03 6.036786362528800964e-04 2.889327588491141796e-04 8.725566658540628850e-06 1.433246961823897436e-05 1.319488801858769919e-02
3.600000000000000000e+04 6.568245124071836472e-03 2.699802163988351822e-03 1.644494244828820229e-03 6.964458734728395939e-04 3.554878057911992073e-04 8.770697604632005095e-06 1.342018822469981387e-05 9.935052134096622467e-03 3.510273760184645653e-03 1.456955797038972378e-03 6.189708365127444267e-04 2.765738754533231258e-04 8.770780368649866432e-06 1.342023006145609543e-05 1.342362566597631209e-02
3.650000000000000000e+04 1.916168257594108582e-03 8.715761359781026840e-04 6.323584821075201035e-04 2.684203209355473518e-04 3.079215530306100845e-04 5.495137884281575680e-06 1.449471528758294880e-05 2.509701764211058617e-03 1.069870311766862869e-03 3.572157875169068575e-04 1.779081067070364952e-04 2.289416734129190445e-04 5.495158347912365571e-06 1.449466890335315838e-05 1.219309951841909996e-02
3.700000000000000000e+04 3.972696140408515930e-03 4.687834065407514572e-03 1.488912152126431465e-03 7.359737064689397812e-04 3.610700950957834721e-04 4.916143097943859175e-06 1.845455881266389042e-05 3.703631227836012840e-03 4.352093674242496490e-03 1.243656384758651257e-03 6.485606427304446697e-04 2.824235998559743166e-04 4.916209491057088599e-06 1.845468977990094572e-05 1.139006068358850744e-02
3.750000000000000000e+04 1.374087529256939888e-03 4.311217926442623138e-03 6.025433540344238281e-04 3.908587386831641197e-04 3.333942440804094076e-04 4.416540377860656008e-06 1.098859593184897676e-05 2.108227461576461792e-03 4.606265109032392502e-03 3.368319303262978792e-04 2.911701740231364965e-04 2.581212320365011692e-04 4.416577667143428698e-06 1.098853044823044911e-05 1.213589284106374698e-02
3.800000000000000000e+04 9.182339999824762344e-04 6.136697484180331230e-04 5.139332497492432594e-04 2.232079423265531659e-04 2.874835627153515816e-04 4.502392584981862456e-06 1.394243372487835586e-05 2.096419222652912140e-03 8.139532874338328838e-04 2.651126706041395664e-04 1.388003729516640306e-04 2.164741890737786889e-04 4.502423962549073622e-06 1.394225455442210659e-05 1.172425035829178890e-02
3.850000000000000000e+04 1.106174755841493607e-02 2.293477999046444893e-03 1.785956206731498241e-03 5.086475284770131111e-04 3.543170751072466373e-04 8.790813808445818722e-06 9.990253602154552937e-06 1.529023237526416779e-02 2.889679744839668274e-03 1.704337773844599724e-03 4.124515980947762728e-04 2.786879776977002621e-04 8.790886568021960557e-06 9.990284524974413216e-06 1.270701380776137306e-02
3.900000000000000000e+04 2.704983577132225037e-03 8.679300080984830856e-04 5.287345848046243191e-04 2.384606341365724802e-04 2.819134097080677748e-04 4.672330305766081437e-06 1.197562687593745068e-05 3.978593274950981140e-03 7.755510741844773293e-04 3.538086893968284130e-04 1.607533486094325781e-04 2.102360595017671585e-04 4.672360773838590831e-06 1.197564233734738082e-05 1.121451915729433646e-02
3.950000000000000000e+04 7.205288857221603394e-03 1.900947536341845989e-03 1.099597779102623463e-03 2.974173694383352995e-04 3.053169639315456152e-04 4.708893357019405812e-06 1.430559677828568965e-05 5.840369965881109238e-03 1.598562812432646751e-03 8.671961259096860886e-04 2.296504244441166520e-04 2.356615295866504312e-04 4.708865617431001738e-06 1.430562770110554993e-05 1.059684897703256322e-02
4.000000000000000000e+04 3.649486927315592766e-03 3.348047379404306412e-03 8.104697335511445999e-04 4.392802075017243624e-04 2.822166716214269400e-04 3.852034751616884023e-06 1.373443865304579958e-05 3.019859315827488899e-03 2.826809184625744820e-03 6.043172325007617474e-04 3.823149017989635468e-04 2.151395601686090231e-04 3.852068857668200508e-06 1.373451596009545028e-05 1.044554137288689240e-02
4.050000000000000000e+04 1.062362547963857651e-02 1.975780818611383438e-03 1.777319470420479774e-03 4.393921408336609602e-04 3.285153070464730263e-04 6.977303200983442366e-06 1.027558300847886130e-05 1.486766990274190903e-02 2.100368263199925423e-03 1.688691554591059685e-03 3.500559832900762558e-04 2.628893416840583086e-04 6.977353677939390764e-06 1.027561211230931804e-05 1.156094842797849610e-02
4.100000000000000000e+04 4.629543516784906387e-03 3.243228886276483536e-03 1.100817229598760605e-03 4.363662155810743570e-04 2.945987798739224672e-04 6.325601134449243546e-06 1.086414522433187813e-05 7.491185329854488373e-03 3.666955744847655296e-03 1.003903336822986603e-03 3.494776610750705004e-04 2.265588263981044292e-04 6.325609319901559502e-06 1.086416887119412422e-05 1.146776155081071467e-02
4.150000000000000000e+04 5.577597767114639282e-03 8.253511623479425907e-04 6.595974555239081383e-04 2.100814745062962174e-04 2.612159587442874908e-04 3.431277718846104108e-06 1.231661462952615693e-05 6.124369800090789795e-03 9.441261063329875469e-04 4.486254765652120113e-04 1.523045793874189258e-04 1.986739807762205601e-04 3.431303639445104636e-06 1.231657006428577006e-05 1.083673421082278175e-02
4.200000000000000000e+04 5.646523088216781616e-03 1.937245018780231476e-03 9.467680938541889191e-04 2.855277853086590767e-04 2.676523290574550629e-04 4.666774202632950619e-06 1.339693062618607655e-05 4.954015836119651794e-03 1.920357113704085350e-03 7.908745901659131050e-04 2.381544472882524133e-04 2.029816678259521723e-04 4.666771019401494414e-06 1.339694244961719960e-05 1.096604088643434241e-02
4.250000000000000000e+04 5.368760321289300919e-03 6.030764197930693626e-04 9.927073260769248009e-04 2.475686487741768360e-04 2.606860653031617403e-04 5.705004696210380644e-06 1.111992150981677696e-05 8.605718612670898438e-03 9.303824044764041901e-04 9.091164683923125267e-04 1.814856077544391155e-04 1.958503853529691696e-04 5.705037438019644469e-06 1.111988876800751314e-05 1.141482114909358157e-02
4.300000000000000000e+04 1.401510089635848999e-03 1.676473417319357395e-03 5.174959660507738590e-04 2.901750267483294010e-04 2.359061036258935928e-04 4.893146524409530684e-06 1.187245652545243502e-05 2.024855231866240501e-03 1.525778789073228836e-03 3.830232308246195316e-04 2.252116391900926828e-04 1.750180672388523817e-04 4.893153345619793981e-06 1.187237558042397723e-05 1.046131975978533898e-02
4.350000000000000000e+04 1.178741361945867538e-02 3.819828154519200325e-03 1.812416478060185909e-03 6.534762214869260788e-04 3.561179619282484055e-04 8.685410648467950523e-06 8.745951163291465491e-06 1.566058211028575897e-02 4.554217215627431870e-03 1.794913318008184433e-03 5.914280773140490055e-04 2.920358092524111271e-04 8.685420652909670025e-06 8.745952072786167264e-06 1.233187360909659275e-02
4.400000000000000000e+04 4.672829993069171906e-03 1.858796109445393085e-03 1.021099160425364971e-03 3.733767080120742321e-04 2.704397775232791901e-04 7.203809218481183052e-06 9.819271326705347747e-06 7.464990951120853424e-03 2.454713452607393265e-03 9.545834618620574474e-04 3.277348587289452553e-04 2.072703209705650806e-04 7.203931090771220624e-06 9.819295883062295616e-06 1.143828665733528233e-02
4.450000000000000000e+04 4.823748953640460968e-03 1.181183732114732265e-03 1.010551000945270061e-03 2.954123192466795444e-04 2.466171281412243843e-04 4.021542281407164410e-06 1.374266503262333572e-05 4.082479514181613922e-03 9.929366642609238625e-04 8.603993337601423264e-04 2.502924762666225433e-04 1.874990994110703468e-04 4.021605036541586742e-06 1.374252951791277155e-05 1.023525091036040641e-02
4.500000000000000000e+04 1.993152778595685959e-03 2.650189679116010666e-03 6.092659896239638329e-04 3.891915548592805862e-04 2.849094162229448557e-04 6.571176982106408104e-06 9.805085937841795385e-06 2.180640352889895439e-03 3.005065489560365677e-03 4.809361416846513748e-04 3.411142970435321331e-04 2.248176460852846503e-04 6.571245648956391960e-06 9.805074114410672337e-06 1.111395181702900387e-02
4.550000000000000000e+04 3.539384342730045319e-03 1.415985636413097382e-03 6.041944725438952446e-04 2.597197890281677246e-04 2.309381379745900631e-04 2.874532810892560519e-06 1.113023790821898729e-05 4.332202021032571793e-03 1.622749725356698036e-03 4.538625653367489576e-04 2.019602397922426462e-04 1.775534619810059667e-04 2.874547135434113443e-06 1.113022426579846069e-05 1.039485204271553206e-02
4.600000000000000000e+04 2.904521767050027847e-03 1.115270657464861870e-03 9.627051767893135548e-04 3.545114304870367050e-04 2.281226334162056446e-04 6.574481631105300039e-06 1.039492417476139963e-05 5.282793194055557251e-03 1.619949121959507465e-03 8.856687345542013645e-04 3.095305582974106073e-04 1.725608308333903551e-04 6.574531198566546664e-06 1.039480230247136205e-05 1.119097710261080306e-02
4.650000000000000000e+04 2.577021904289722443e-02 1.048031635582447052e-02 5.143878981471061707e-03 1.910443417727947235e-03 4.239749396219849586e-04 1.595719368197023869e-05 1.012263328448170796e-05 3.239858895540237427e-02 1.178630627691745758e-02 5.335016641765832901e-03 1.895552733913064003e-03 3.673646715469658375e-04 1.595717549207620323e-05 1.012250504572875798e-05 1.350087850409407639e-02
4.700000000000000000e+04 4.381111823022365570e-03 9.111784747801721096e-04 7.655170047655701637e-04 1.773147523635998368e-04 2.226285141659900546e-04 2.797902197926305234e-06 1.122512367146555334e-05 4.025465808808803558e-03 1.126727089285850525e-03 6.111966795288026333e-04 1.005936646834015846e-04 1.721864100545644760e-04 2.797918114083586261e-06 1.122507001127814874e-05 1.036318099697639515e-02
4.750000000000000000e+04 7.940915413200855255e-03 3.257655538618564606e-03 1.790941227227449417e-03 6.484970217570662498e-04 2.925855806097388268e-04 8.396526936849113554e-06 8.062015695031732321e-06 1.073894370347261429e-02 3.679904853925108910e-03 1.775701646693050861e-03 6.064934423193335533e-04 2.384815306868404150e-04 8.396620614803396165e-06 8.061869266384746879e-06 1.108435459698579352e-02
4.800000000000000000e+04 2.549574477598071098e-03 1.569933490827679634e-03 4.078947531525045633e-04 2.451701438985764980e-04 2.253454731544479728e-04 4.304926278564380482e-06 1.011391850624931976e-05 3.212688025087118149e-03 1.773546217009425163e-03 2.863755216822028160e-04 1.796082942746579647e-04 1.741999585647135973e-04 4.304988578951451927e-06 1.011387575999833643e-05 1.076632245668529726e-02
4.850000000000000000e+04 2.131002256646752357e-03 1.010791864246129990e-03 3.728958545252680779e-04 2.176388952648267150e-04 2.388285502092912793e-04 3.649661039162310772e-06 9.462112757319118828e-06 2.535210456699132919e-03 9.905949700623750687e-04 2.494361251592636108e-04 1.531517918920144439e-04 1.884706143755465746e-04 3.649736754596233368e-06 9.462080015509855002e-06 9.920975546335289788e-03
4.900000000000000000e+04 9.003766812384128571e-03 3.518262412399053574e-03 1.374043989926576614e-03 5.755440797656774521e-04 2.735504531301558018e-04 8.898057785700075328e-06 8.317292667925357819e-06 1.200983859598636627e-02 4.169442690908908844e-03 1.370610552839934826e-03 5.357511108741164207e-04 2.162599412258714437e-04 8.898073247110005468e-06 8.317251740663778037e-06 1.156079887075043590e-02
4.950000000000000000e+04 2.651338465511798859e-03 2.011741278693079948e-03 3.820033161900937557e-04 2.070180780719965696e-04 2.109172928612679243e-04 4.649274615076137707e-06 9.851643881120253354e-06 4.011304117739200592e-03 2.291635842993855476e-03 3.096976724918931723e-04 1.466766698285937309e-04 1.619722170289605856e-04 4.649248694477137178e-06 9.851706636254675686e-06 1.083075127646657490e-02
5.000000000000000000e+04 3.206601599231362343e-03 1.470633316785097122e-03 7.421078043989837170e-04 3.040055162273347378e-04 2.090566704282537103e-04 3.803528670687228441e-06 1.429916756023885682e-05 3.023610915988683701e-03 1.433978555724024773e-03 6.558172171935439110e-04 2.741124772001057863e-04 1.595071807969361544e-04 3.803563004112220369e-06 1.429902113159187138e-05 9.831100380852889759e-03
5.050000000000000000e+04 5.453867837786674500e-03 2.938474761322140694e-03 1.183376880362629890e-03 5.001357058063149452e-04 2.216113643953576684e-04 7.211499905679374933e-06 8.581302608945406973e-06 8.304139599204063416e-03 3.632349194958806038e-03 1.169496565125882626e-03 4.740196163766086102e-04 1.725993934087455273e-04 7.211594947875710204e-06 8.581264410167932510e-06 1.103280813598995352e-02
5.100000000000000000e+04 5.404720082879066467e-03 1.643345225602388382e-03 1.256542745977640152e-03 3.453307144809514284e-04 1.981069362955167890e-04 4.152447672822745517e-06 1.294351659453241155e-05 4.401274956762790680e-03 1.394304912537336349e-03 1.171603100374341011e-03 2.987260522786527872e-04 1.525660336483269930e-04 4.152494057052535936e-06 1.294341564062051475e-05 9.629373994165534717e-03
5.150000000000000000e+04 5.611425265669822693e-03 1.741827698424458504e-03 1.118737040087580681e-03 2.655340358614921570e-04 2.002956898650154471e-04 5.230572696746094152e-06 1.089850866264896467e-05 4.434739705175161362e-03 1.695445389486849308e-03 1.017887378111481667e-03 2.118916017934679985e-04 1.545345876365900040e-04 5.230653641774551943e-06 1.089847137336619198e-05 9.974888184993056794e-03
5.200000000000000000e+04 1.555023365654051304e-03 1.984742004424333572e-03 5.412159953266382217e-04 3.885033074766397476e-04 1.981530513148754835e-04 2.989871745739947073e-06 1.067785433406243101e-05 2.116670366376638412e-03 1.753471791744232178e-03 4.562292306218296289e-04 3.512776747811585665e-04 1.544711994938552380e-04 2.989866743519087322e-06 1.067772609530948102e-05 9.151625982353394848e-03
5.250000000000000000e+04 3.653035499155521393e-03 9.420666028745472431e-04 6.684320978820323944e-04 2.513128274586051702e-04 1.838168245740234852e-04 2.898328375522396527e-06 1.184685243060812354e-05 3.472021082416176796e-03 8.017685031518340111e-04 5.350427236407995224e-04 2.148467319784685969e-04 1.404569193255156279e-04 2.898358388847555034e-06 1.184675784315913916e-05 9.256416699397607487e-03
5.300000000000000000e+04 2.337611746042966843e-03 1.881503500044345856e-03 5.164882750250399113e-04 3.311446926090866327e-04 2.043346903519704938e-04 4.581225311994785443e-06 8.172373782144859433e-06 3.269944339990615845e-03 2.016559708863496780e-03 4.388149245642125607e-04 2.784891985356807709e-04 1.623661664780229330e-04 4.581256689561996609e-06 8.172346497303806245e-06 1.009005988930284335e-02
5.350000000000000000e+04 2.565461676567792892e-03 1.936601707711815834e-03 3.962845657952129841e-04 2.426032297080382705e-04 1.766204077284783125e-04 2.812028014886891469e-06 1.068296023731818423e-05 2.553680911660194397e-03 1.879287650808691978e-03 2.797970664687454700e-04 2.029660972766578197e-04 1.333359250565990806e-04 2.812074853864032775e-06 1.068291658157249913e-05 9.232317614602490730e-03
5.400000000000000000e+04 2.336343750357627869e-03 8.227356593124568462e-04 3.115747531410306692e-04 1.880722993519157171e-04 1.745939080137759447e-04 3.451352085903636180e-06 1.220056037709582597e-05 3.972360864281654358e-03 1.134417019784450531e-03 2.361642546020448208e-04 1.620385010028257966e-04 1.336054556304588914e-04 3.451363909334759228e-06 1.220049034600378945e-05 9.909079335605109132e-03
5.450000000000000000e+04 3.532699774950742722e-03 6.776105146855115891e-04 6.264453986659646034e-04 1.678761036600917578e-04 1.706810580799356103e-04 3.091292455792427063e-06 1.124174286815105006e-05 3.571726381778717041e-03 6.413703667931258678e-04 5.587513442151248455e-04 1.303567405557259917e-04 1.303435710724443197e-04 3.091355210926849395e-06 1.124173650168813765e-05 9.402439430866254416e-03
5.500000000000000000e+04 7.779574487358331680e-03 2.222114242613315582e-03 1.042069401592016220e-03 3.628140839282423258e-04 1.980396627914160490e-04 6.289301381912082434e-06 8.245280696428380907e-06 1.147207804024219513e-02 3.051743609830737114e-03 1.069348305463790894e-03 3.442888555582612753e-04 1.553775655338540673e-04 6.289351404120679945e-06 8.245286153396591544e-06 1.087565017351263888e-02
5.550000000000000000e+04 5.875994451344013214e-03 1.675108913332223892e-03 1.126145361922681332e-03 3.564553917385637760e-04 2.105777093674987555e-04 6.955744083825265989e-06 7.519775863329414278e-06 9.065577760338783264e-03 2.097375923767685890e-03 1.162403263151645660e-03 3.124008944723755121e-04 1.639903057366609573e-04 6.955842309253057465e-06 7.519729479099623859e-06 1.044576686248528327e-02
5.600000000000000000e+04 1.227866625413298607e-03 7.382354233413934708e-04 2.987379557453095913e-04 1.332755782641470432e-04 1.566607388667762280e-04 4.705656010628445074e-06 9.408160622115246952e-06 2.238855697214603424e-03 8.946256712079048157e-04 2.547896583564579487e-04 1.041023206198588014e-04 1.155680511146783829e-04 4.705686023953603581e-06 9.408166988578159362e-06 9.744504800152613624e-03
5.650000000000000000e+04 6.231149658560752869e-03 2.955778269097208977e-03 1.066821394488215446e-03 3.324195859022438526e-04 1.919158676173537970e-04 5.464597506943391636e-06 7.903973710199352354e-06 9.412096813321113586e-03 3.502800827845931053e-03 1.081441412679851055e-03 2.989947970490902662e-04 1.524436811450868845e-04 5.464572495839092880e-06 7.903826372057665139e-06 1.029337329238174184e-02
5.700000000000000000e+04 1.125724054872989655e-03 7.087001577019691467e-04 3.261301026213914156e-04 1.558700023451820016e-04 1.537932257633656263e-04 3.766743475352996029e-06 1.092975708161247894e-05 1.873621833510696888e-03 8.917720988392829895e-04 2.713822759687900543e-04 1.384940114803612232e-04 1.144489651778712869e-04 3.766785084735602140e-06 1.092972524929791689e-05 9.614278682874890722e-03
5.750000000000000000e+04 3.713321406394243240e-03 2.129066735506057739e-03 6.858989363536238670e-04 3.198781050741672516e-04 1.905416866065934300e-04 3.969078079535393044e-06 1.148530918726464733e-05 4.081893246620893478e-03 2.273989142850041389e-03 6.543329800479114056e-04 3.022384480573236942e-04 1.488455163780599833e-04 3.969077170040691271e-06 1.148536557593615726e-05 9.488917575295560680e-03
5.800000000000000000e+04 1.109313406050205231e-02 3.236712422221899033e-03 2.598992083221673965e-03 8.485100697726011276e-04 2.291272394359111786e-04 4.944858119415584952e-06 1.397031246597180143e-05 1.056050509214401245e-02 2.744168508797883987e-03 2.578763291239738464e-03 8.342083892785012722e-04 1.917807967402040958e-04 4.944894499203655869e-06 1.397031064698239788e-05 8.764964008889817790e-03
5.850000000000000000e+04 2.232177648693323135e-03 2.016464481130242348e-03 3.886052290908992290e-04 2.257144806208088994e-04 1.701972796581685543e-04 4.945233740727417171e-06 7.506063411710783839e-06 4.424494691193103790e-03 2.669422654435038567e-03 3.489416558295488358e-04 1.850211265264078975e-04 1.317696005571633577e-04 4.945310138282366097e-06 7.506001111323712394e-06 1.010377653059748616e-02
5.900000000000000000e+04 9.702106006443500519e-03 2.225126372650265694e-03 1.774593838490545750e-03 5.128750344738364220e-04 2.239361492684110999e-04 7.258693585754372180e-06 6.783093795093009248e-06 1.357233151793479919e-02 2.954774769023060799e-03 1.870281994342803955e-03 4.871224809903651476e-04 1.850196276791393757e-04 7.258784535224549472e-06 6.783113803976448253e-06 1.062663450910980925e-02
5.950000000000000000e+04 2.167604863643646240e-03 7.484167581424117088e-04 2.373783790972083807e-04 1.494038151577115059e-04 1.435604790458455682e-04 3.346766334288986400e-06 8.497080671077128500e-06 2.581718377768993378e-03 8.029657183215022087e-04 1.880752388387918472e-04 1.143989284173585474e-04 1.065122487489134073e-04 3.346843868712312542e-06 8.497031558363232762e-06 9.167331907636184010e-03
6.000000000000000000e+04 6.792169995605945587e-03 2.503673778846859932e-03 1.363195944577455521e-03 4.295856051612645388e-04 1.777521829353645444e-04 4.452493158169090748e-06 1.029927716444944963e-05 5.503201857209205627e-03 1.954560633748769760e-03 1.319784787483513355e-03 3.983477072324603796e-04 1.403556670993566513e-04 4.452496341400546953e-06 1.029921349982032552e-05 8.536909559475487283e-03
6.050000000000000000e+04 2.212380524724721909e-03 1.554885064251720905e-03 3.936518914997577667e-04 2.273927239002659917e-04 1.455613819416612387e-04 2.829770210155402310e-06 8.505034202244132757e-06 2.155395923182368279e-03 1.474956050515174866e-03 3.346442244946956635e-04 1.981540990527719259e-04 1.115754203055985272e-04 2.829764298439840786e-06 8.504933248332235962e-06 8.639713919792952126e-03
6.100000000000000000e+04 1.358631299808621407e-03 7.590638706460595131e-04 3.304983547423034906e-04 1.143131812568753958e-04 1.350217353319749236e-04 3.946596280002268031e-06 8.310692464874591678e-06 1.725020818412303925e-03 9.636300965212285519e-04 2.784012176562100649e-04 9.423887240700423717e-05 9.805739682633429766e-05 3.946658125641988590e-06 8.310689736390486360e-06 9.216722131213637287e-03
6.150000000000000000e+04 8.855105377733707428e-03 2.782221883535385132e-03 1.330106519162654877e-03 4.140050732530653477e-04 1.675915264058858156e-04 6.249492798815481365e-06 8.026902833080384880e-06 1.256542839109897614e-02 3.458625869825482368e-03 1.402197638526558876e-03 3.976454026997089386e-04 1.330179511569440365e-04 6.249500074773095548e-06 8.026874638744629920e-06 1.039303034634532670e-02
6.200000000000000000e+04 3.464808221906423569e-03 8.899756940081715584e-04 5.076742381788790226e-04 1.702004810795187950e-04 1.597479567863047123e-04 3.633954293036367744e-06 7.452360478055197746e-06 6.058381870388984680e-03 1.040750532411038876e-03 4.970563459210097790e-04 1.368894736515358090e-04 1.244776358362287283e-04 3.633932919910876080e-06 7.452316822309512645e-06 9.170047188956073625e-03
6.250000000000000000e+04 3.010164946317672729e-03 3.245489671826362610e-03 7.351337699219584465e-04 4.312359378673136234e-04 1.731005322653800249e-04 5.106524440634530038e-06 7.683308467676397413e-06 5.343268159776926041e-03 3.965855110436677933e-03 7.305440958589315414e-04 4.114001349080353975e-04 1.397999585606157780e-04 5.106561275169951841e-06 7.683262992941308767e-06 9.925533424009995789e-03
6.300000000000000000e+04 2.972800750285387039e-03 8.993309456855058670e-04 7.474970188923180103e-04 2.380321966484189034e-04 1.532399764982983470e-04 5.000610599381616339e-06 6.761801159882452339e-06 5.397528875619173050e-03 1.349480357021093369e-03 7.605762220919132233e-04 2.065306762233376503e-04 1.200733531732112169e-04 5.000656074116704985e-06 6.761841632396681234e-06 9.362812697787093602e-03
6.350000000000000000e+04 2.691925503313541412e-03 7.641550619155168533e-04 7.005956722423434258e-04 2.702506899368017912e-04 1.417492021573707461e-04 4.466688551474362612e-06 7.537474175478564575e-06 5.265901330858469009e-03 1.218206831254065037e-03 7.184832356870174408e-04 2.533949154894798994e-04 1.092037273338064551e-04 4.466752216103486717e-06 7.537485544162336737e-06 9.458993000501896009e-03
6.400000000000000000e+04 9.830173803493380547e-04 6.951031391508877277e-04 1.873424916993826628e-04 1.161961990874260664e-04 1.323662581853568554e-04 3.013579316757386550e-06 7.971802915562875569e-06 2.238264773041009903e-03 6.537468289025127888e-04 1.504884130554273725e-04 8.499099931214004755e-05 9.954156848834827542e-05 3.013594550793641247e-06 7.971775630721822381e-06 8.477906113846316385e-03
6.450000000000000000e+04 2.005100250244140625e-03 5.055234069004654884e-04 3.067178768105804920e-04 1.351072132820263505e-04 1.238659315276890993e-04 3.282692659922759049e-06 8.306619747600052506e-06 3.369981423020362854e-03 7.024068618193268776e-04 2.922124112956225872e-04 1.105877454392611980e-04 9.138463065028190613e-05 3.282727448095101863e-06 8.306579729833174497e-06 8.920510701316006555e-03
6.500000000000000000e+04 1.821449259296059608e-03 4.547866992652416229e-04 4.218471003696322441e-04 1.484590466134250164e-04 1.265193859580904245e-04 2.611553554743295535e-06 9.421410140930674970e-06 1.818020828068256378e-03 5.289397668093442917e-04 3.643150557763874531e-04 1.277986739296466112e-04 9.562159539200365543e-05 2.611575155242462642e-06 9.421285540156532079e-06 8.464608940675352050e-03
6.550000000000000000e+04 2.690561115741729736e-03 1.941169379279017448e-03 4.668334440793842077e-04 2.594740071799606085e-04 1.404887734679505229e-04 2.562794179539196193e-06 9.679898539616260678e-06 3.233961760997772217e-03 1.976063475012779236e-03 4.252669168636202812e-04 2.457865630276501179e-04 1.092198217520490289e-04 2.562828740337863564e-06 9.679858521849382669e-06 8.465452994698896214e-03
6.600000000000000000e+04 3.791852155700325966e-03 9.098777081817388535e-04 8.251101826317608356e-04 2.048484311671927571e-04 1.312308595515787601e-04 3.363973746672854759e-06 9.378713002661243081e-06 3.124085254967212677e-03 9.711385355331003666e-04 7.831205148249864578e-04 1.969989389181137085e-04 1.001453201752156019e-04 3.363980795256793499e-06 9.378608410770539194e-06 8.301187574297369878e-03
6.650000000000000000e+04 5.877491203136742115e-04 5.473167984746396542e-04 1.801255712052807212e-04 1.116776111302897334e-04 1.180555700557306409e-04 3.073788775509456173e-06 7.490164989576442167e-06 1.785623608157038689e-03 8.321581408381462097e-04 1.437027385691180825e-04 8.909720781957730651e-05 8.823972893878817558e-05 3.073785364904324524e-06 7.490120879083406180e-06 8.699308158531902230e-03
6.700000000000000000e+04 2.134799724444746971e-03 1.261686906218528748e-03 2.547664334997534752e-04 1.584031560923904181e-04 1.451842981623485684e-04 2.890000587285612710e-06 5.533331659535178915e-06 3.341735573485493660e-03 1.539255259558558464e-03 2.082817081827670336e-04 1.201786799356341362e-04 1.155938225565478206e-04 2.890031055358122103e-06 5.533326202566968277e-06 8.358624506696268538e-03
6.750000000000000000e+04 1.990249846130609512e-03 1.868713879957795143e-03 2.797186025418341160e-04 1.951775775523856282e-04 1.177921440103091300e-04 3.321192934890859760e-06 6.909904186613857746e-06 4.182262346148490906e-03 2.406217856332659721e-03 2.564300084486603737e-04 1.873172732302919030e-04 8.856369095155969262e-05 3.321265012345975265e-06 6.909990588610526174e-06 8.758789761662482548e-03
6.800000000000000000e+04 2.055063378065824509e-03 5.863036494702100754e-04 2.960666897706687450e-04 1.189046306535601616e-04 1.209550609928555787e-04 2.232967972304322757e-06 6.833504812675528228e-06 3.778578247874975204e-03 9.345138678327202797e-04 2.590897493064403534e-04 9.099424642045050859e-05 9.182795474771410227e-05 2.232978204119717702e-06 6.833530278527177870e-06 8.373261591382569549e-03
6.850000000000000000e+04 1.528823748230934143e-03 7.690186612308025360e-04 2.893689379561692476e-04 1.365437929052859545e-04 1.177776430267840624e-04 2.986169874930055812e-06 6.234897227841429412e-06 2.731653163209557533e-03 9.709632722660899162e-04 2.302659122506156564e-04 9.831970965024083853e-05 8.864792471285909414e-05 2.986190793308196589e-06 6.234936790860956535e-06 8.274795875588041028e-03
6.900000000000000000e+04 6.809122860431671143e-04 6.450354121625423431e-04 1.856039889389649034e-04 1.347493671346455812e-04 1.159865423687733710e-04 2.869909167202422395e-06 5.440349923446774483e-06 1.516528776846826077e-03 9.172267746180295944e-04 1.345784839941188693e-04 1.063292584149166942e-04 8.720254118088632822e-05 2.869970558094792068e-06 5.440341283247107640e-06 8.216950046855603373e-03
6.950000000000000000e+04 1.391269965097308159e-03 7.594890194013714790e-04 2.850272576324641705e-04 1.502130617154762149e-04 1.085155890905298293e-04 2.893960299843456596e-06 7.323302270378917456e-06 2.306171227246522903e-03 1.057759043760597706e-03 2.426202408969402313e-04 1.398007152602076530e-04 8.072922355495393276e-05 2.894023054977878928e-06 7.323268164327600971e-06 8.317535610553747349e-03
7.000000000000000000e+04 2.319754566997289658e-03 4.545122792478650808e-04 3.456469858065247536e-04 9.016544208861887455e-05 1.079448848031461239e-04 2.295845661137718707e-06 7.279059900611173362e-06 2.547167707234621048e-03 5.967760225757956505e-04 3.081056638620793819e-04 7.876679592300206423e-05 8.077976963249966502e-05 2.295884996783570386e-06 7.278924385900609195e-06 8.089175803381332477e-03
7.050000000000000000e+04 8.643376640975475311e-03 5.466192029416561127e-03 1.380031695589423180e-03 6.479534786194562912e-04 1.581516698934137821e-04 2.054820242847199552e-06 9.158653483609668911e-06 7.527045905590057373e-03 4.704072140157222748e-03 1.346537261269986629e-03 6.306173163466155529e-04 1.311664818786084652e-04 2.054862989098182879e-06 9.158565262623596936e-06 7.413171312061040720e-03
7.100000000000000000e+04 2.649918664246797562e-03 9.421273134648799896e-04 1.113269710913300514e-03 3.825193271040916443e-04 1.322540338151156902e-04 4.072570845892187208e-06 8.382136911677662283e-06 2.416647505015134811e-03 7.563516264781355858e-04 1.058088615536689758e-03 3.598184557631611824e-04 1.040609640767797828e-04 4.072568572155432776e-06 8.382193300349172205e-06 7.415427903847355944e-03
7.150000000000000000e+04 1.203638152219355106e-03 1.078174915164709091e-03 1.983967813430353999e-04 1.443792716600000858e-04 1.080294896382838488e-04 2.275374299642862752e-06 7.110221758921397850e-06 2.195826265960931778e-03 1.616628142073750496e-03 1.653419894864782691e-04 1.401528134010732174e-04 8.298177272081375122e-05 2.275420683872653171e-06 7.110137175914132968e-06 8.408139351339067452e-03
7.200000000000000000e+04 1.086221076548099518e-03 5.751641583628952503e-04 1.887755206553265452e-04 8.891305333236232400e-05 1.022199649014510214e-04 2.112954916810849681e-06 6.292410034802742302e-06 1.256155548617243767e-03 6.107639055699110031e-04 1.424372021574527025e-04 7.338353316299617290e-05 7.611449109390377998e-05 2.112997663061833009e-06 6.292380021477583796e-06 7.461924147876008301e-03
7.250000000000000000e+04 8.834994514472782612e-04 4.869520198553800583e-04 1.814139541238546371e-04 8.961003914009779692e-05 9.838177356868982315e-05 2.112987203872762620e-06 6.093965566833503544e-06 1.492806943133473396e-03 8.717471500858664513e-04 1.436338643543422222e-04 7.105013355612754822e-05 7.248158362926915288e-05 2.113020173055701889e-06 6.093914180382853374e-06 7.854271261217692784e-03
7.300000000000000000e+04 1.469110022298991680e-03 3.446654300205409527e-04 2.295832382515072823e-04 8.328631520271301270e-05 1.002476055873557925e-04 2.549113560235127807e-06 6.471148026321316138e-06 1.846581581048667431e-03 5.135820247232913971e-04 2.031425246968865395e-04 6.626074900850653648e-05 7.342167373280972242e-05 2.549138571339426562e-06 6.471125743701122701e-06 7.708999439520067276e-03
7.350000000000000000e+04 2.532568294554948807e-03 8.174052927643060684e-04 4.622873093467205763e-04 1.617840607650578022e-04 1.077145425369963050e-04 3.378119345143204555e-06 5.151906862010946497e-06 4.765382036566734314e-03 1.275633228942751884e-03 4.886767128482460976e-04 1.547045540064573288e-04 8.153676753863692284e-05 3.378165956746670417e-06 5.151866844244068488e-06 8.248378228165299808e-03
7.400000000000000000e+04 7.565912674181163311e-04 4.181305703241378069e-04 2.082219871226698160e-04 1.156435246230103076e-04 1.003966899588704109e-04 2.591580141597660258e-06 5.003676506021292880e-06 1.103921444155275822e-03 5.427914438769221306e-04 1.792927359929308295e-04 9.413193765794858336e-05 7.407731754938140512e-05 2.591583324829116464e-06 5.003635578759713098e-06 7.343085620096376220e-03
7.450000000000000000e+04 5.147232441231608391e-04 2.546888135839253664e-04 1.426471717422828078e-04 7.835990982130169868e-05 9.818808757700026035e-05 2.532591452109045349e-06 5.425764811661792919e-06 1.403787638992071152e-03 4.241229617036879063e-04 1.183980712085030973e-04 5.998136111884377897e-05 7.362182077486068010e-05 2.532625785534037277e-06 5.425692052085651085e-06 7.490692137380473500e-03
7.500000000000000000e+04 9.609229164198040962e-04 8.177447598427534103e-04 1.991952012758702040e-04 1.132800025516189635e-04 9.902329475153237581e-05 1.869573907242738642e-06 5.951840194029500708e-06 1.556353643536567688e-03 8.058084640651941299e-04 1.538411888759583235e-04 8.412459283135831356e-05 7.373315747827291489e-05 1.869596758297120687e-06 5.951742423349060118e-06 7.056902374464165718e-03
7.550000000000000000e+04 1.214822055771946907e-03 5.984687595628201962e-04 2.743565419223159552e-04 1.331874518655240536e-04 9.964979835785925388e-05 1.808540105230349582e-06 6.110226422606501728e-06 1.436913153156638145e-03 4.707389743998646736e-04 2.350904396735131741e-04 1.055787870427593589e-04 7.518271013395860791e-05 1.808558863558573648e-06 6.110240974521730095e-06 7.019726176208134459e-03
7.600000000000000000e+04 1.274551264941692352e-03 1.293071079999208450e-03 2.277024032082408667e-04 2.061798877548426390e-04 9.962516196537762880e-05 2.475674136803718284e-06 5.885830887564225122e-06 3.076921217143535614e-03 1.871839049272239208e-03 2.192215761169791222e-04 1.946826523635536432e-04 7.463357178494334221e-05 2.475691644576727413e-06 5.885833616048330441e-06 8.027102367767338653e-03
7.650000000000000000e+04 4.368175752460956573e-03 1.380054280161857605e-03 5.903339479118585587e-04 2.012338081840425730e-04 1.181781262857839465e-04 3.372757646502577700e-06 4.659214482671814039e-06 7.234605029225349426e-03 2.059608697891235352e-03 6.421157740987837315e-04 1.908269478008151054e-04 9.220598440151661634e-05 3.372832452441798523e-06 4.659242222260218114e-06 8.164805873104474809e-03
7.700000000000000000e+04 6.374383810907602310e-04 5.641257157549262047e-04 1.432918361388146877e-04 8.551278733648359776e-05 9.482592577114701271e-05 2.054604919976554811e-06 4.866538802161812782e-06 1.447686692699790001e-03 9.039816795848309994e-04 1.092274542315863073e-04 6.924296030774712563e-05 7.187535811681300402e-05 2.054616288660326973e-06 4.866442395723424852e-06 7.360675225935653550e-03
7.750000000000000000e+04 1.975147286430001259e-03 8.219358860515058041e-04 4.700927529484033585e-04 1.716183178359642625e-04 1.126030110754072666e-04 2.594117404441931285e-06 4.576360879582352936e-06 4.141360521316528320e-03 1.179304439574480057e-03 4.740856820717453957e-04 1.570760796312242746e-04 9.035643597599118948e-05 2.594173565739765763e-06 4.576274022838333622e-06 7.488110418969132903e-03
7.800000000000000000e+04 6.009506178088486195e-04 5.018012598156929016e-04 1.695398968877270818e-04 9.952623076969757676e-05 9.102205513045191765e-05 2.135270506187225692e-06 5.014854195906082168e-06 1.077478053048253059e-03 5.313617875799536705e-04 1.314044930040836334e-04 7.572109461762011051e-05 6.757501978427171707e-05 2.135311660822480917e-06 5.014815542381256819e-06 6.965192820980957086e-03
7.850000000000000000e+04 1.323578413575887680e-03 3.754117060452699661e-04 2.222986076958477497e-04 9.014920215122401714e-05 8.979279664345085621e-05 1.994475042010890320e-06 5.425983999884920195e-06 1.286682672798633575e-03 3.530735848471522331e-04 1.879501505754888058e-04 7.086794357746839523e-05 6.656610639765858650e-05 1.994504600588697940e-06 5.425962172012077644e-06 6.850411817388447552e-03
7.900000000000000000e+04 8.309711702167987823e-04 2.900203689932823181e-04 1.519603538326919079e-04 7.254479714902117848e-05 8.848909783409908414e-05 2.311259549969690852e-06 4.902068212686572224e-06 1.282050739973783493e-03 4.042075597681105137e-04 1.172162810689769685e-04 6.147226667962968349e-05 6.544229108840227127e-05 2.311261823706445284e-06 4.902017280983272940e-06 6.962604862054209975e-03
7.950000000000000000e+04 2.484132768586277962e-03 2.325217239558696747e-03 4.694893723353743553e-04 2.838245709426701069e-04 1.042602089000865817e-04 3.239084435335826129e-06 5.547421551455045119e-06 2.108473796397447586e-03 1.885287580080330372e-03 4.394077695906162262e-04 2.620532177388668060e-04 7.951674342621117830e-05 3.239081706851720810e-06 5.547400633076904342e-06 6.318540446729608261e-03
8.000000000000000000e+04 1.567126251757144928e-03 4.208732279948890209e-04 2.907300367951393127e-04 1.157681399490684271e-04 9.286251588491722941e-05 2.631103825478930958e-06 4.593789071805076674e-06 3.534413874149322510e-03 8.112362702377140522e-04 3.046983620151877403e-04 1.016434543998911977e-04 7.004928193055093288e-05 2.631123834362369962e-06 4.593791345541831106e-06 7.334711598526505970e-03
8.050000000000000000e+04 4.069712595082819462e-04 3.242007805965840816e-04 1.263620215468108654e-04 7.261148857651278377e-05 8.552560757379978895e-05 1.855893060564994812e-06 4.674913725466467440e-06 1.254125148989260197e-03 5.156169645488262177e-04 9.842247527558356524e-05 5.841290112584829330e-05 6.359265535138547421e-05 1.855869413702748716e-06 4.674904175772098824e-06 6.810176752867884604e-03
8.100000000000000000e+04 1.026600599288940430e-03 3.292592009529471397e-04 2.031685726251453161e-04 8.306394011015072465e-05 8.889452146831899881e-05 2.015572135860566050e-06 4.675701802625553682e-06 2.488271798938512802e-03 6.368196918629109859e-04 1.871906279120594263e-04 7.236669625854119658e-05 6.889370706630870700e-05 2.015574636970995925e-06 4.675697709899395704e-06 7.051107183736564192e-03
8.150000000000000000e+04 1.658953260630369186e-03 6.691052694804966450e-04 2.869050658773630857e-04 1.066340919351205230e-04 8.952707867138087749e-05 1.883903678390197456e-06 4.802931016456568614e-06 1.583198085427284241e-03 6.642141379415988922e-04 2.311810530954971910e-04 8.596001134719699621e-05 6.911053060321137309e-05 1.883896175058907829e-06 4.802899184142006561e-06 6.558062189205854028e-03
8.200000000000000000e+04 6.892876699566841125e-04 1.180508639663457870e-03 1.666306925471872091e-04 1.421452179783955216e-04 9.015318210003897548e-05 2.334084001631708816e-06 3.968830696976510808e-06 2.057180274277925491e-03 1.636496628634631634e-03 1.526821142761036754e-04 1.278861018363386393e-04 6.922795728314667940e-05 2.334105829504551366e-06 3.968841156165581197e-06 7.377938095485034493e-03
8.250000000000000000e+04 9.467637864872813225e-04 4.275064566172659397e-04 2.195122360717505217e-04 1.013237051665782928e-04 8.692761912243440747e-05 1.495639139648119453e-06 4.966631422576028854e-06 1.553009031340479851e-03 4.270197241567075253e-04 1.842741330619901419e-04 7.419213943649083376e-05 6.621527427341789007e-05 1.495649030403001234e-06 4.966619599144905806e-06 6.599746744159727847e-03
8.300000000000000000e+04 1.258749281987547874e-03 4.232826759107410908e-04 2.127548068528994918e-04 1.052067091222852468e-04 8.855824125930666924e-05 2.631139295772300102e-06 3.644209755293559283e-06 2.724108286201953888e-03 6.968859815970063210e-04 2.236357831861823797e-04 8.814971079118549824e-05 6.628142728004604578e-05 2.631193183333380148e-06 3.644202251962269656e-06 6.951922461569712275e-03
8.350000000000000000e+04 7.285951869562268257e-04 4.584873677231371403e-04 1.608713064342737198e-04 9.718547516968101263e-05 8.450161112705245614e-05 1.581133460604178254e-06 4.925555913359858096e-06 1.546587212942540646e-03 4.810752579942345619e-04 1.169323732028715312e-04 7.441663183271884918e-05 6.493506953120231628e-05 1.581133687977853697e-06 4.925530447508208454e-06 6.587907711915702222e-03
8.400000000000000000e+04 6.539730820804834366e-04 5.266888183541595936e-04 2.286722883582115173e-04 1.235227973666042089e-04 8.691510447533801198e-05 2.237788294223719276e-06 4.979300229024374858e-06 1.004468882456421852e-03 4.549202567432075739e-04 1.999599771806970239e-04 1.072190279955975711e-04 6.598220352316275239e-05 2.237807166238781065e-06 4.979245659342268482e-06 6.301017737890919276e-03
8.450000000000000000e+04 3.982279158663004637e-04 3.970559919252991676e-04 1.168165908893570304e-04 7.111104787327349186e-05 8.002562390174716711e-05 1.839388801272434648e-06 4.012956651422427967e-06 1.492493087425827980e-03 6.352392956614494324e-04 9.778012463357299566e-05 5.729123222408816218e-05 5.984753443044610322e-05 1.839408923842711374e-06 4.013003490399569273e-06 6.709896521396952439e-03
8.500000000000000000e+04 3.686823474708944559e-04 2.982557634823024273e-04 1.145266724051907659e-04 7.794555858708918095e-05 8.064206485869362950e-05 1.682029619587410707e-06 3.978446329711005092e-06 1.219224417582154274e-03 4.458253679331392050e-04 9.390052582602947950e-05 5.386863631429150701e-05 6.075253986637108028e-05 1.682042466200073250e-06 3.978448603447759524e-06 6.496519987242849181e-03
8.550000000000000000e+04 4.297299310564994812e-04 2.603362372610718012e-04 1.320322917308658361e-04 7.653575448784977198e-05 7.957845809869468212e-05 1.882705305433773901e-06 4.041981810587458313e-06 1.597386435605585575e-03 5.504965665750205517e-04 1.121485838666558266e-04 6.016928819008171558e-05 5.989368946757167578e-05 1.882715423562331125e-06 4.041929969389457256e-06 6.720962094035641717e-03
8.600000000000000000e+04 6.282832473516464233e-04 3.409132186789065599e-04 1.355487329419702291e-04 7.895034650573506951e-05 8.141954458551481366e-05 1.683930690887791570e-06 4.108796019863802940e-06 2.126918639987707138e-03 6.040451116859912872e-04 1.333361287834122777e-04 6.229563587112352252e-05 6.159307667985558510e-05 1.683942059571563732e-06 4.108798293600557372e-06 6.654995068357721748e-03
8.650000000000000000e+04 1.118368119932711124e-03 4.162069526500999928e-04 2.680190082173794508e-04 1.118041982408612967e-04 8.101003913907334208e-05 1.881994080576987471e-06 5.055966084910323843e-06 1.547134015709161758e-03 4.090636211913079023e-04 2.436164068058133125e-04 9.527274232823401690e-05 6.131651025498285890e-05 1.882003516584518366e-06 5.055881047155708075e-06 6.376258212788385102e-03
8.700000000000000000e+04 6.148292450234293938e-04 4.491514409892261028e-04 1.740514708217233419e-04 9.979520837077870965e-05 8.119105768855661154e-05 1.980931301659438759e-06 3.526577984303003177e-06 2.127566374838352203e-03 8.084648288786411285e-04 1.705127360764890909e-04 8.610491931904107332e-05 6.190322892507538199e-05 1.980930846912087873e-06 3.526591399349854328e-06 6.829008794058681782e-03
8.750000000000000000e+04 4.405881045386195183e-04 3.542482736520469189e-04 1.134972699219360948e-04 6.816725363023579121e-05 7.861005724407732487e-05 1.640105438127648085e-06 4.063884261995553970e-06 1.787102315574884415e-03 6.915536941960453987e-04 9.968342783395200968e-05 5.487995076691731811e-05 5.982398579362779856e-05 1.640122150092793163e-06 4.063879714522045106e-06 6.570893830360891551e-03
8.800000000000000000e+04 3.413851372897624969e-04 2.072943752864375710e-04 1.231969799846410751e-04 6.372529605869203806e-05 7.499145431211218238e-05 1.785855829439242370e-06 4.112861915928078815e-06 1.252626185305416584e-03 4.110870650038123131e-04 1.034093584166839719e-04 5.029398016631603241e-05 5.599160795100033283e-05 1.785866857062501367e-06 4.112825536140007898e-06 6.472705591667239980e-03
8.850000000000000000e+04 7.159610977396368980e-04 4.345026682130992413e-04 1.463657536078244448e-04 7.884802471380680799e-05 7.558619836345314980e-05 1.734680495246720966e-06 4.012686986243352294e-06 1.252239802852272987e-03 4.528607823885977268e-04 1.248434418812394142e-04 6.229779683053493500e-05 5.694377978215925395e-05 1.734708916956151370e-06 4.012691078969510272e-06 6.144710597593912131e-03
8.900000000000000000e+04 4.676950338762253523e-04 2.106497413478791714e-04 1.297076232731342316e-04 6.814127118559554219e-05 7.403980998788028955e-05 1.760458644639584236e-06 4.567991254589287564e-06 1.131648663431406021e-03 3.732469631358981133e-04 1.029540435411036015e-04 5.655694621964357793e-05 5.592343950411304832e-05 1.760525265126489103e-06 4.567912583297584206e-06 6.235212039942763899e-03
8.950000000000000000e+04 3.448876959737390280e-04 3.483444161247462034e-04 1.101452435250394046e-04 7.036386523395776749e-05 7.600196113344281912e-05 1.662821318859641906e-06 4.092658400622894987e-06 1.318754628300666809e-03 6.314028287306427956e-04 8.785691898083314300e-05 5.306519597070291638e-05 5.866373248863965273e-05 1.662833824411791284e-06 4.092622020834824070e-06 6.444899659654771372e-03
9.000000000000000000e+04 2.115284325554966927e-03 3.659041831269860268e-04 3.713029436767101288e-04 1.117485735449008644e-04 8.031992183532565832e-05 2.045760766122839414e-06 5.046836122346576303e-06 1.863093581050634384e-03 3.935148124583065510e-04 3.404014569241553545e-04 1.040984425344504416e-04 6.128546374384313822e-05 2.045757128144032322e-06 5.046816113463137299e-06 6.145111869768041420e-03
9.050000000000000000e+04 3.963158233091235161e-04 2.253646816825494170e-04 1.207505774800665677e-04 6.265574484132230282e-05 7.315062248380854726e-05 1.832530529100040440e-06 3.609424766182200983e-06 1.037921058014035225e-03 4.626872250810265541e-04 1.054754029610194266e-04 4.944506144965998828e-05 5.480015897774137557e-05 1.832534849199873861e-06 3.609361556300427765e-06 6.278116477034974274e-03
9.100000000000000000e+04 3.500404127407819033e-04 1.776385179255157709e-04 1.134399062721058726e-04 6.216282054083421826e-05 7.275692769326269627e-05 1.911402705445652828e-06 3.718588232004549354e-06 1.145822228863835335e-03 3.662267699837684631e-04 8.990454807644709945e-05 4.656708188122138381e-05 5.422590402304194868e-05 1.911443860080908053e-06 3.718550715348101221e-06 6.223433674507081702e-03
9.150000000000000000e+04 6.817709654569625854e-04 3.337914822623133659e-04 1.962032256415113807e-04 9.273386967834085226e-05 7.471774733858183026e-05 1.864537239271157887e-06 4.395874839246971533e-06 1.117075677029788494e-03 3.967784577980637550e-04 1.648602919885888696e-04 7.745732000330463052e-05 5.593914465862326324e-05 1.864560886133403983e-06 4.395817541080759838e-06 6.006659029202291757e-03
9.200000000000000000e+04 4.979099612683057785e-04 2.201677561970427632e-04 1.225221640197560191e-04 6.342036067508161068e-05 7.176591316238045692e-05 1.847167936830373947e-06 3.728874617081601173e-06 1.038631424307823181e-03 3.647169796749949455e-04 9.712952305562794209e-05 5.022478944738395512e-05 5.341187352314591408e-05 1.847163048296351917e-06 3.728852334461407736e-06 6.101751338384999584e-03
9.250000000000000000e+04 1.728669274598360062e-03 4.875999293290078640e-04 3.511076210997998714e-04 1.260651624761521816e-04 8.113586227409541607e-05 1.976126668523647822e-06 3.022371629413100891e-06 3.611670574173331261e-03 8.832954918034374714e-04 3.584336955100297928e-04 1.111368692363612354e-04 6.342160486383363605e-05 1.976120984181761742e-06 3.022385044459952042e-06 6.694673167511527162e-03
9.300000000000000000e+04 3.701301757246255875e-04 1.769107766449451447e-04 1.115921913878992200e-04 6.234024476725608110e-05 7.087578705977648497e-05 1.697599373073899187e-06 3.402338506930391304e-06 1.119356369599699974e-03 3.405489842407405376e-04 9.031009540194645524e-05 4.657676981878466904e-05 5.260949546936899424e-05 1.697610514383995906e-06 3.402350102987838909e-06 6.074598317578510862e-03
9.350000000000000000e+04 1.228752778843045235e-03 3.332322230562567711e-04 2.284681831952184439e-04 8.411781891481950879e-05 7.594417547807097435e-05 1.861444047790428158e-06 3.239631723772617988e-06 2.939397469162940979e-03 6.333189085125923157e-04 2.271757984999567270e-04 6.972536357352510095e-05 5.821037484565749764e-05 1.861459509200358298e-06 3.239636725993477739e-06 6.402513883365911103e-03
9.400000000000000000e+04 3.823066363111138344e-04 1.752163807395845652e-04 1.223057770403102040e-04 6.061531166778877378e-05 6.949276576051488519e-05 1.908059175548260100e-06 3.777588744924287312e-06 1.124104717746376991e-03 3.760140971280634403e-04 9.949406376108527184e-05 4.955024633090943098e-05 5.181168671697378159e-05 1.908050080601242371e-06 3.777564870688365772e-06 6.039114317856848421e-03
9.450000000000000000e+04 6.422851583920419216e-04 2.245805371785536408e-04 1.282818266190588474e-04 6.869421486044302583e-05 7.360729068750515580e-05 1.624294895918865222e-06 3.095676675002323464e-06 2.148667350411415100e-03 5.259467288851737976e-04 1.146173308370634913e-04 5.135291212354786694e-05 5.609986328636296093e-05 1.624307174097339157e-06 3.095663714702823199e-06 6.181351358128880577e-03
9.500000000000000000e+04 3.342024283483624458e-04 2.148769272025674582e-04 1.072062441380694509e-04 6.693024624837562442e-05 6.970710819587111473e-05 1.556179881845309865e-06 3.725131364262779243e-06 1.210124697536230087e-03 3.940333554055541754e-04 8.644771151011809707e-05 5.490599869517609477e-05 5.200153100304305553e-05 1.556190341034380253e-06 3.725025408130022697e-06 6.003193402816697083e-03
9.550000000000000000e+04 4.401623154990375042e-04 2.137362171197310090e-04 1.064420430338941514e-04 6.275423947954550385e-05 6.919968291185796261e-05 1.556228767185530160e-06 3.612334694480523467e-06 1.144387060776352882e-03 3.271105815656483173e-04 8.707451343070715666e-05 4.693848313763737679e-05 5.152286030352115631e-05 1.556229562993394211e-06 3.612382442952366546e-06 5.923556193678808195e-03
9.600000000000000000e+04 4.739305877592414618e-04 2.166911290260031819e-04 1.444490189896896482e-04 7.436601299559697509e-05 7.096788613125681877e-05 1.478504827900906093e-06 3.206320116078131832e-06 1.803335617296397686e-03 4.263641894795000553e-04 1.315596309723332524e-04 6.220626528374850750e-05 5.405084084486588836e-05 1.478499825680046342e-06 3.206298288205289282e-06 5.969563762993123322e-03
9.650000000000000000e+04 3.273710026405751705e-04 1.745417685015127063e-04 1.047291152644902468e-04 6.276420026551932096e-05 6.841293361503630877e-05 1.839898118305427488e-06 3.084048785240156576e-06 1.260507386177778244e-03 3.821003483608365059e-04 8.376141340704634786e-05 4.892823926638811827e-05 5.083371434011496603e-05 1.839933361225121189e-06 3.084007630604901351e-06 6.006085525240534642e-03
9.700000000000000000e+04 3.588591353036463261e-04 1.695715181995183229e-04 1.081081427400931716e-04 6.029671203577890992e-05 6.803306314395740628e-05 1.589581756888946984e-06 3.129492370135267265e-06 1.173003227449953556e-03 3.478042199276387691e-04 8.635479025542736053e-05 4.317041020840406418e-05 5.113784209243021905e-05 1.589559246895078104e-06 3.129446440652827732e-06 5.868345712199820458e-03
9.750000000000000000e+04 4.672680806834250689e-04 1.757723221089690924e-04 1.480628125136718154e-04 6.939866580069065094e-05 6.958743324503302574e-05 1.625669369786919560e-06 3.007269015142810531e-06 1.736228121444582939e-03 4.243770963512361050e-04 1.382742339046671987e-04 5.213661643210798502e-05 5.329852865543216467e-05 1.625673917260428425e-06 3.007227178386528976e-06 6.025341159930765710e-03
9.800000000000000000e+04 3.152984136249870062e-04 2.593211829662322998e-04 1.029165869113057852e-04 6.950845272513106465e-05 6.744483835063874722e-05 1.674271857154963072e-06 3.181086412951117381e-06 1.148872775956988335e-03 5.861953832209110260e-04 8.037658699322491884e-05 5.861910540261305869e-05 5.146125477040186524e-05 1.674284249020274729e-06 3.181072770530590788e-06 6.046008585809167953e-03
9.850000000000000000e+04 6.538443267345428467e-04 2.154928952222689986e-04 1.223725848831236362e-04 7.001846825005486608e-05 6.736120849382132292e-05 1.891008537313609850e-06 2.890791165555128828e-06 1.901376061141490936e-03 4.651757772080600262e-04 1.224380976054817438e-04 5.694195715477690101e-05 5.111255086376331747e-05 1.891029455691750627e-06 2.890771156671689823e-06 5.977360345493799507e-03
9.900000000000000000e+04 5.780775099992752075e-04 1.986550050787627697e-04 1.093397368094883859e-04 6.269026198424398899e-05 6.723326077917590737e-05 1.377984290229505859e-06 3.313764864287804812e-06 1.772754010744392872e-03 4.692050861194729805e-04 9.718665387481451035e-05 4.714461829280480742e-05 5.168811185285449028e-05 1.377988382955663837e-06 3.313740535304532386e-06 5.973834412312057675e-03
9.950000000000000000e+04 6.104451022110879421e-04 2.486155426595360041e-04 1.699690765235573053e-04 8.524233999196439981e-05 7.570991874672472477e-05 1.540805669719702564e-06 2.818143684635288082e-06 2.007844625040888786e-03 5.564007442444562912e-04 1.558405638206750154e-04 7.188908057287335396e-05 6.043666508048772812e-05 1.540826929158356506e-06 2.818113898683805019e-06 5.927924500772029960e-03
1.000000000000000000e+05 3.372759674675762653e-04 1.953309547388926148e-04 1.022663345793262124e-04 6.041261804057285190e-05 6.708582077408209443e-05 1.494699404247512575e-06 2.991307610500371084e-06 1.512248069047927856e-03 4.129389999434351921e-04 8.991151116788387299e-05 4.248413097229786217e-05 5.106534808874130249e-05 1.494719981565140188e-06 2.991254859807668254e-06 5.849191775705252748e-03
