# step, loss_train, loss_test, metrics_test
0.000000000000000000e+00 1.783146606445312500e+03 2.617485656738281250e+02 2.113440132234245539e-04 3.230008697509765625e+01 4.518221830949187279e-04 1.780638916015625000e+03 2.614782409667968750e+02 2.151622175006195903e-04 3.279455184936523438e+01 4.531712038442492485e-04 1.134640812873840332e+00
2.000000000000000000e+02 1.418901733398437500e+03 1.896304321289062500e+02 4.730137288570404053e-01 8.776670455932617188e+00 1.324120521545410156e+01 1.419812988281250000e+03 1.891800537109375000e+02 4.751424193382263184e-01 8.759765625000000000e+00 1.271436786651611328e+01 1.151267766952514648e+00
4.000000000000000000e+02 3.921860961914062500e+02 8.653811645507812500e+01 1.612028884887695312e+01 4.597840309143066406e+00 8.540832519531250000e+00 3.698616333007812500e+02 8.115239715576171875e+01 1.629869461059570312e+01 4.262538909912109375e+00 8.196098327636718750e+00 6.344945430755615234e-01
6.000000000000000000e+02 3.366494140625000000e+02 6.819577026367187500e+01 6.966926574707031250e+00 2.933563232421875000e+00 6.105622768402099609e+00 3.154138793945312500e+02 6.331460571289062500e+01 6.432817459106445312e+00 2.782678127288818359e+00 5.920171260833740234e+00 6.445546746253967285e-01
8.000000000000000000e+02 4.596617889404296875e+01 7.926900863647460938e+00 3.249752998352050781e+00 3.668192386627197266e+00 4.857459068298339844e+00 4.145744705200195312e+01 7.138655185699462891e+00 3.147080659866333008e+00 3.535138845443725586e+00 4.800454616546630859e+00 5.336657166481018066e-01
1.000000000000000000e+03 7.359868049621582031e+00 2.096096515655517578e+00 9.647617936134338379e-01 1.077480792999267578e+00 3.902418017387390137e-01 6.143657684326171875e+00 1.861415147781372070e+00 8.357614278793334961e-01 9.942990541458129883e-01 3.782731890678405762e-01 2.028915137052536011e-01
1.200000000000000000e+03 4.719121932983398438e+00 7.668383717536926270e-01 3.808204531669616699e-01 3.623482584953308105e-01 1.655954122543334961e-01 3.892199993133544922e+00 6.669142842292785645e-01 3.215786814689636230e-01 3.266817331314086914e-01 1.544270217418670654e-01 1.187607571482658386e-01
1.400000000000000000e+03 3.147098541259765625e+00 3.346893191337585449e-01 2.561061382293701172e-01 2.448533177375793457e-01 9.699311852455139160e-02 2.555143356323242188e+00 2.925429344177246094e-01 2.217604219913482666e-01 2.218133807182312012e-01 8.875165879726409912e-02 8.988007158041000366e-02
1.600000000000000000e+03 1.821101307868957520e+00 1.944204270839691162e-01 1.509170979261398315e-01 1.726737320423126221e-01 6.376894563436508179e-02 1.409638285636901855e+00 1.717506647109985352e-01 1.271261572837829590e-01 1.536190062761306763e-01 5.986475944519042969e-02 7.097546011209487915e-02
1.800000000000000000e+03 1.133729219436645508e+00 1.155809164047241211e-01 8.584704995155334473e-02 1.253979206085205078e-01 4.112297669053077698e-02 8.636389970779418945e-01 9.981605410575866699e-02 6.842264533042907715e-02 1.093473508954048157e-01 3.836802393198013306e-02 5.875664949417114258e-02
2.000000000000000000e+03 8.730322122573852539e-01 7.995125651359558105e-02 6.365367025136947632e-02 9.801153838634490967e-02 2.915488183498382568e-02 6.665530800819396973e-01 6.820368766784667969e-02 5.310352146625518799e-02 8.557520806789398193e-02 2.727561630308628082e-02 5.109721049666404724e-02
2.200000000000000000e+03 7.149893045425415039e-01 6.623230129480361938e-02 5.076926574110984802e-02 8.038739860057830811e-02 2.449332736432552338e-02 5.494331121444702148e-01 5.830930918455123901e-02 4.300823062658309937e-02 6.989125907421112061e-02 2.333744801580905914e-02 4.658280313014984131e-02
2.400000000000000000e+03 5.967693328857421875e-01 8.495949953794479370e-02 4.752784967422485352e-02 6.491141766309738159e-02 2.075346000492572784e-02 4.494355916976928711e-01 7.269603013992309570e-02 4.274831339716911316e-02 5.666642263531684875e-02 1.973597705364227295e-02 4.162121191620826721e-02
2.600000000000000000e+03 4.929935336112976074e-01 5.775454640388488770e-02 4.199015349149703979e-02 5.244303494691848755e-02 1.635322719812393188e-02 3.692969381809234619e-01 4.993053525686264038e-02 3.693028911948204041e-02 4.531655833125114441e-02 1.548039726912975311e-02 3.754824027419090271e-02
2.800000000000000000e+03 4.081735014915466309e-01 4.188745096325874329e-02 3.830978646874427795e-02 4.425898194313049316e-02 1.373123563826084137e-02 3.050619363784790039e-01 3.729651868343353271e-02 3.392361849546432495e-02 3.840471804141998291e-02 1.308895833790302277e-02 3.419343754649162292e-02
3.000000000000000000e+03 3.404486775398254395e-01 4.711771756410598755e-02 3.635681048035621643e-02 3.689616173505783081e-02 1.124556642025709152e-02 2.493889182806015015e-01 4.139496013522148132e-02 3.168017417192459106e-02 3.179708868265151978e-02 1.075256615877151489e-02 3.091789968311786652e-02
3.200000000000000000e+03 2.840979397296905518e-01 3.742484003305435181e-02 3.394458815455436707e-02 3.127916157245635986e-02 9.704393334686756134e-03 2.063588798046112061e-01 3.345052152872085571e-02 2.986365184187889099e-02 2.716998942196369171e-02 9.429519996047019958e-03 2.817770093679428101e-02
3.400000000000000000e+03 2.409027963876724243e-01 3.692875057458877563e-02 3.118375316262245178e-02 2.736614830791950226e-02 8.423546329140663147e-03 1.728189140558242798e-01 3.208673372864723206e-02 2.655195072293281555e-02 2.361938543617725372e-02 8.044511079788208008e-03 2.613672055304050446e-02
3.600000000000000000e+03 2.085900902748107910e-01 3.310332447290420532e-02 2.998379804193973541e-02 2.420086041092872620e-02 7.943507283926010132e-03 1.482852995395660400e-01 2.880016714334487915e-02 2.501264959573745728e-02 2.105714008212089539e-02 7.654415443539619446e-03 2.455092966556549072e-02
3.800000000000000000e+03 1.830382049083709717e-01 3.156914561986923218e-02 3.343646228313446045e-02 2.321236580610275269e-02 8.068822324275970459e-03 1.324612200260162354e-01 2.818755991756916046e-02 2.886763773858547211e-02 2.028199657797813416e-02 7.896026596426963806e-03 2.331501245498657227e-02
4.000000000000000000e+03 1.633720993995666504e-01 2.970875054597854614e-02 2.464496716856956482e-02 1.919480040669441223e-02 7.721285801380872726e-03 1.192576065659523010e-01 2.687936276197433472e-02 1.962928660213947296e-02 1.603373326361179352e-02 7.437948137521743774e-03 2.212907001376152039e-02
4.200000000000000000e+03 1.464809179306030273e-01 3.190861269831657410e-02 2.708291448652744293e-02 1.866012252867221832e-02 7.413879036903381348e-03 1.069285646080970764e-01 2.912778407335281372e-02 2.249716222286224365e-02 1.602093689143657684e-02 7.217333652079105377e-03 2.118095383048057556e-02
4.400000000000000000e+03 1.321477293968200684e-01 2.261245436966419220e-02 2.015323750674724579e-02 1.557669136673212051e-02 6.089178845286369324e-03 9.758557379245758057e-02 1.993052102625370026e-02 1.607925817370414734e-02 1.322182081639766693e-02 5.956113338470458984e-03 2.004400268197059631e-02
4.600000000000000000e+03 1.247491836547851562e-01 2.642189152538776398e-02 2.051173150539398193e-02 1.506238244473934174e-02 6.882352754473686218e-03 9.081830084323883057e-02 2.394131943583488464e-02 1.694906130433082581e-02 1.310134306550025940e-02 6.667053326964378357e-03 1.945299841463565826e-02
4.800000000000000000e+03 1.154449358582496643e-01 3.431418165564537048e-02 1.768686622381210327e-02 1.350831706076860428e-02 5.593468435108661652e-03 8.164574950933456421e-02 3.018071874976158142e-02 1.433403976261615753e-02 1.158917974680662155e-02 5.426921881735324860e-03 1.868945546448230743e-02
5.000000000000000000e+03 1.249383538961410522e-01 5.026858672499656677e-02 2.688196673989295959e-02 1.571827381849288940e-02 6.146322004497051239e-03 1.035471558570861816e-01 4.810006171464920044e-02 2.333037555217742920e-02 1.337474491447210312e-02 5.943593103438615799e-03 1.819376088678836823e-02
5.200000000000000000e+03 9.637184441089630127e-02 2.040805667638778687e-02 1.413781382143497467e-02 1.119747199118137360e-02 5.136870313435792923e-03 7.313181459903717041e-02 1.844395324587821960e-02 1.144511811435222626e-02 9.234371595084667206e-03 4.978428594768047333e-03 1.668039523065090179e-02
5.400000000000000000e+03 9.455175697803497314e-02 2.531713061034679413e-02 1.767839118838310242e-02 1.200029253959655762e-02 4.787106066942214966e-03 6.975534558296203613e-02 2.370877750217914581e-02 1.457856781780719757e-02 9.530518203973770142e-03 4.709775559604167938e-03 1.633858494460582733e-02
5.600000000000000000e+03 9.813983738422393799e-02 3.054692037403583527e-02 1.317555084824562073e-02 1.032264996320009232e-02 4.436748102307319641e-03 7.337304204702377319e-02 2.741268277168273926e-02 1.069612801074981689e-02 8.566824719309806824e-03 4.254634026437997818e-03 1.600333116948604584e-02
5.800000000000000000e+03 8.538521826267242432e-02 3.789551556110382080e-02 1.754951849579811096e-02 1.139529421925544739e-02 5.322561599314212799e-03 6.708888709545135498e-02 3.546522930264472961e-02 1.540471613407135010e-02 9.716605767607688904e-03 5.230878479778766632e-03 1.526020839810371399e-02
6.000000000000000000e+03 7.099719345569610596e-02 1.524479314684867859e-02 9.509844705462455750e-03 8.560014888644218445e-03 3.484170418232679367e-03 5.601945519447326660e-02 1.364364102482795715e-02 7.270301692187786102e-03 6.711410824209451675e-03 3.361412324011325836e-03 1.403598487377166748e-02
6.200000000000000000e+03 7.405647635459899902e-02 2.141124568879604340e-02 1.000178325921297073e-02 8.153163827955722809e-03 3.582602832466363907e-03 5.912751704454421997e-02 1.922106370329856873e-02 8.576736785471439362e-03 6.693250965327024460e-03 3.429453819990158081e-03 1.374313514679670334e-02
6.400000000000000000e+03 6.703947484493255615e-02 3.589355945587158203e-02 1.090458966791629791e-02 8.713951334357261658e-03 4.989083856344223022e-03 4.892922937870025635e-02 3.479427099227905273e-02 9.414577856659889221e-03 7.256112061440944672e-03 4.835006780922412872e-03 1.449826546013355255e-02
6.600000000000000000e+03 6.707210838794708252e-02 2.201405353844165802e-02 1.951191946864128113e-02 1.095388270914554596e-02 4.061481915414333344e-03 4.889584705233573914e-02 2.037800475955009460e-02 1.864861696958541870e-02 1.005561277270317078e-02 3.959888126701116562e-03 1.373456977307796478e-02
6.800000000000000000e+03 6.942167133092880249e-02 2.231314405798912048e-02 8.096106350421905518e-03 7.023197133094072342e-03 2.968205604702234268e-03 5.155609920620918274e-02 2.101863920688629150e-02 6.375729106366634369e-03 5.481710657477378845e-03 2.906949725002050400e-03 1.325200498104095459e-02
7.000000000000000000e+03 5.843160673975944519e-02 3.109472244977951050e-02 1.338472031056880951e-02 9.658497758209705353e-03 4.428773187100887299e-03 4.446139931678771973e-02 2.879788726568222046e-02 1.244730316102504730e-02 8.407125249505043030e-03 4.274212755262851715e-03 1.297664176672697067e-02
7.200000000000000000e+03 6.120992451906204224e-02 5.691037699580192566e-02 1.219153031706809998e-02 9.791881777346134186e-03 4.576502367854118347e-03 5.232385545969009399e-02 5.604830384254455566e-02 1.099620014429092407e-02 8.274115622043609619e-03 4.382121842354536057e-03 1.284756790846586227e-02
7.400000000000000000e+03 4.032315313816070557e-02 7.605969905853271484e-03 9.331465698778629303e-03 7.111390586942434311e-03 2.378902398049831390e-03 3.147700428962707520e-02 6.652306765317916870e-03 8.277026936411857605e-03 5.416059400886297226e-03 2.237624023109674454e-03 1.118007581681013107e-02
7.600000000000000000e+03 4.825844615697860718e-02 2.728093042969703674e-02 9.793446399271488190e-03 7.815133780241012573e-03 4.097966942936182022e-03 3.783779591321945190e-02 2.641545981168746948e-02 8.625322952866554260e-03 6.509589962661266327e-03 3.974713850766420364e-03 1.201440300792455673e-02
7.800000000000000000e+03 3.684659674763679504e-02 1.929892227053642273e-02 1.022021938115358353e-02 8.427958004176616669e-03 3.671439131721854210e-03 2.837122604250907898e-02 1.893531531095504761e-02 9.846050292253494263e-03 7.187883369624614716e-03 3.581429831683635712e-03 1.151661481708288193e-02
8.000000000000000000e+03 3.225252032279968262e-02 5.836321972310543060e-03 5.128982476890087128e-03 5.342833232134580612e-03 1.883249264210462570e-03 2.406760305166244507e-02 4.751340486109256744e-03 4.624975845217704773e-03 4.137578886002302170e-03 1.747979782521724701e-03 1.053137239068746567e-02
8.200000000000000000e+03 2.957815304398536682e-02 6.357436068356037140e-03 4.820107948035001755e-03 5.168385803699493408e-03 1.787716755643486977e-03 2.113741636276245117e-02 5.475736223161220551e-03 4.134269896894693375e-03 3.806031774729490280e-03 1.647602184675633907e-03 1.037238817662000656e-02
8.400000000000000000e+03 3.874829784035682678e-02 1.422730833292007446e-02 4.663761705160140991e-03 5.350982770323753357e-03 1.840231590904295444e-03 3.523346409201622009e-02 1.337812840938568115e-02 3.781129140406847000e-03 3.908045589923858643e-03 1.683179521933197975e-03 1.043732091784477234e-02
8.600000000000000000e+03 2.984678745269775391e-02 6.905248854309320450e-03 9.809874929487705231e-03 6.793263368308544159e-03 2.132096793502569199e-03 2.397656813263893127e-02 6.079590879380702972e-03 9.402678348124027252e-03 5.523240193724632263e-03 1.977282110601663589e-03 1.018250267952680588e-02
8.800000000000000000e+03 5.855483561754226685e-02 3.517126664519309998e-02 5.092246923595666885e-03 5.615135654807090759e-03 1.956592313945293427e-03 5.716785788536071777e-02 3.493154048919677734e-02 4.207343794405460358e-03 4.175599664449691772e-03 1.821556244976818562e-03 1.109371986240148544e-02
9.000000000000000000e+03 2.309105172753334045e-02 8.510131388902664185e-03 6.453924812376499176e-03 5.642862990498542786e-03 1.989624230191111565e-03 1.684822514653205872e-02 7.791190408170223236e-03 5.542163271456956863e-03 4.370809998363256454e-03 1.842087134718894958e-03 1.010973192751407623e-02
9.200000000000000000e+03 3.998035192489624023e-02 2.709099277853965759e-02 8.727625012397766113e-03 6.252794060856103897e-03 1.705206232145428658e-03 3.758313506841659546e-02 2.667459100484848022e-02 8.309216238558292389e-03 4.863128997385501862e-03 1.564561272971332073e-03 1.057314407080411911e-02
9.400000000000000000e+03 1.544035375118255615e-01 1.097398921847343445e-01 1.401823665946722031e-02 9.174632839858531952e-03 2.017605118453502655e-03 1.567488461732864380e-01 1.062024384737014771e-01 1.447545550763607025e-02 7.778335828334093094e-03 1.901517622172832489e-03 1.371051557362079620e-02
9.600000000000000000e+03 4.395724833011627197e-02 3.603652119636535645e-02 4.486369900405406952e-03 5.532518960535526276e-03 2.671343274414539337e-03 4.073949158191680908e-02 3.515312448143959045e-02 3.960121888667345047e-03 4.332402255386114120e-03 2.522313967347145081e-03 1.065234839916229248e-02
9.800000000000000000e+03 3.351508826017379761e-02 2.410983666777610779e-02 1.588077098131179810e-02 8.750513195991516113e-03 2.981435973197221756e-03 3.162506222724914551e-02 2.415595389902591705e-02 1.591612398624420166e-02 7.760941982269287109e-03 2.838101005181670189e-03 1.058765593916177750e-02
1.000000000000000000e+04 3.373805433511734009e-02 2.889971807599067688e-02 6.156750023365020752e-03 5.615197122097015381e-03 2.715384587645530701e-03 2.790437638759613037e-02 2.862437069416046143e-02 5.551975220441818237e-03 4.670602269470691681e-03 2.622336382046341896e-03 1.074054092168807983e-02
1.020000000000000000e+04 3.793589025735855103e-02 3.492324426770210266e-02 4.874521866440773010e-03 5.829032510519027710e-03 2.606577705591917038e-03 3.590039908885955811e-02 3.486512228846549988e-02 4.754866473376750946e-03 4.733289591968059540e-03 2.436756622046232224e-03 1.045045163482427597e-02
1.040000000000000000e+04 1.776320859789848328e-02 4.621551372110843658e-03 2.799132373183965683e-03 3.670038189738988876e-03 1.297555165365338326e-03 1.405686885118484497e-02 4.355504177510738373e-03 2.289136406034231186e-03 2.785088494420051575e-03 1.173200202174484730e-03 9.172757156193256378e-03
1.060000000000000000e+04 1.618620008230209351e-02 4.213157109916210175e-03 3.445622511208057404e-03 3.925274126231670380e-03 1.312730833888053894e-03 1.283479481935501099e-02 3.595565445721149445e-03 3.184202592819929123e-03 2.986776642501354218e-03 1.180197810754179955e-03 9.080356918275356293e-03
1.080000000000000000e+04 1.731379143893718719e-02 8.772494271397590637e-03 2.546366304159164429e-03 3.694475395604968071e-03 1.373176812194287777e-03 1.379390433430671692e-02 7.934724912047386169e-03 2.158554969355463982e-03 2.839264692738652229e-03 1.240535522811114788e-03 9.496126323938369751e-03
1.100000000000000000e+04 1.285025104880332947e-02 3.857868723571300507e-03 2.388487802818417549e-03 3.488184418529272079e-03 1.203088089823722839e-03 9.128239005804061890e-03 3.345811972394585609e-03 2.222675830125808716e-03 2.637454308569431305e-03 1.105636358261108398e-03 9.011168964207172394e-03
1.120000000000000000e+04 1.362381689250469208e-02 6.466453894972801208e-03 6.078210659325122833e-03 4.935056902468204498e-03 1.403375412337481976e-03 1.153394207358360291e-02 6.312197074294090271e-03 6.208522710949182510e-03 4.035255871713161469e-03 1.309473183937370777e-03 9.168478660285472870e-03
1.140000000000000000e+04 1.398730743676424026e-02 9.375339373946189880e-03 2.389808651059865952e-03 3.551057307049632072e-03 1.236111507751047611e-03 1.073339395225048065e-02 9.024614468216896057e-03 2.479183953255414963e-03 2.714250702410936356e-03 1.151225529611110687e-03 9.117632173001766205e-03
1.160000000000000000e+04 3.171056136488914490e-02 2.931392006576061249e-02 4.277077503502368927e-03 4.451110493391752243e-03 2.643835730850696564e-03 2.901015058159828186e-02 2.888613939285278320e-02 4.143421538174152374e-03 3.769489470869302750e-03 2.463892567902803421e-03 1.029094494879245758e-02
1.180000000000000000e+04 1.249290350824594498e-02 7.153956685215234756e-03 2.552415477111935616e-03 3.312368877232074738e-03 1.178449951112270355e-03 8.567352779209613800e-03 6.349662318825721741e-03 2.467267680913209915e-03 2.686467487365007401e-03 1.094129169359803200e-03 9.046135470271110535e-03
1.200000000000000000e+04 1.384622603654861450e-02 7.966913282871246338e-03 3.918543457984924316e-03 3.895608708262443542e-03 1.517556142061948776e-03 1.049009338021278381e-02 7.210409734398126602e-03 3.559306031093001366e-03 3.156637772917747498e-03 1.376163912937045097e-03 9.015850722789764404e-03
1.220000000000000000e+04 4.245642572641372681e-02 1.877610757946968079e-02 3.602251876145601273e-03 3.489754162728786469e-03 1.250414876267313957e-03 3.664472699165344238e-02 1.790058240294456482e-02 3.085880307480692863e-03 2.774562221020460129e-03 1.156312413513660431e-03 1.006265264004468918e-02
1.240000000000000000e+04 1.211788225919008255e-02 5.604168400168418884e-03 2.917225705459713936e-03 3.479524981230497360e-03 1.150474068708717823e-03 9.909594431519508362e-03 5.204016342759132385e-03 2.601584885269403458e-03 2.728235442191362381e-03 1.063384814187884331e-03 8.717866614460945129e-03
1.260000000000000000e+04 1.246820949018001556e-02 8.769934996962547302e-03 3.284861333668231964e-03 3.262624144554138184e-03 1.181445550173521042e-03 8.964370936155319214e-03 8.309127762913703918e-03 3.200057195499539375e-03 2.781480550765991211e-03 1.097689499147236347e-03 9.082851931452751160e-03
1.280000000000000000e+04 1.796679943799972534e-02 1.086424756795167923e-02 2.154652029275894165e-03 3.343726042658090591e-03 1.148934243246912956e-03 1.683374121785163879e-02 1.060477457940578461e-02 1.910700462758541107e-03 2.556411316618323326e-03 1.041615381836891174e-03 8.806386962532997131e-03
1.300000000000000000e+04 1.892374828457832336e-02 1.297499239444732666e-02 2.049726434051990509e-03 3.165149828419089317e-03 1.406830502673983574e-03 1.808063127100467682e-02 1.302229054272174835e-02 1.844953862018883228e-03 2.383920829743146896e-03 1.296748872846364975e-03 9.106935933232307434e-03
1.320000000000000000e+04 8.860973641276359558e-03 8.947292342782020569e-03 2.054605167359113693e-03 3.028989071026444435e-03 1.341490074992179871e-03 5.983975715935230255e-03 8.585158735513687134e-03 1.758159487508237362e-03 2.369813388213515282e-03 1.268986030481755733e-03 8.875352330505847931e-03
1.340000000000000000e+04 5.017514154314994812e-02 7.337440550327301025e-02 7.493325974792242050e-03 7.722177077084779739e-03 5.322020035237073898e-03 4.521998018026351929e-02 7.292956113815307617e-02 7.084812968969345093e-03 7.164301816374063492e-03 5.151392892003059387e-03 1.275075972080230713e-02
1.360000000000000000e+04 7.792491000145673752e-03 4.365382716059684753e-03 5.726621486246585846e-03 4.502861760556697845e-03 1.355184009298682213e-03 5.589276552200317383e-03 3.957600332796573639e-03 5.550655536353588104e-03 3.857988864183425903e-03 1.260372460819780827e-03 8.568217977881431580e-03
1.380000000000000000e+04 2.860121615231037140e-02 2.116110548377037048e-02 8.396751247346401215e-03 4.624698311090469360e-03 1.026120269671082497e-03 2.340664528310298920e-02 2.087916433811187744e-02 8.698875084519386292e-03 4.302320536226034164e-03 9.717955254018306732e-04 9.890821762382984161e-03
1.400000000000000000e+04 8.639125153422355652e-03 3.709556069225072861e-03 2.768744248896837234e-03 3.193262498825788498e-03 1.022210111841559410e-03 6.947665475308895111e-03 3.453233744949102402e-03 2.413451671600341797e-03 2.365193096920847893e-03 9.324335260316729546e-04 8.220773190259933472e-03
1.420000000000000000e+04 1.628658920526504517e-02 1.679458841681480408e-02 1.948749530129134655e-03 2.954797353595495224e-03 1.341941766440868378e-03 1.451760716736316681e-02 1.656190492212772369e-02 1.714983140118420124e-03 2.415610477328300476e-03 1.260359073057770729e-03 8.974687196314334869e-03
1.440000000000000000e+04 2.197491563856601715e-02 1.534643117338418961e-02 4.975784569978713989e-03 3.818851429969072342e-03 1.014900859445333481e-03 2.125586010515689850e-02 1.501994952559471130e-02 5.029261577874422073e-03 3.086379263550043106e-03 9.545271750539541245e-04 8.776783943176269531e-03
1.460000000000000000e+04 7.193025201559066772e-03 3.760282415896654129e-03 3.600239288061857224e-03 3.328143386170268059e-03 1.162178348749876022e-03 5.069197155535221100e-03 3.491809125989675522e-03 3.323884215205907822e-03 2.718889154493808746e-03 1.086400938220322132e-03 8.238263428211212158e-03
1.480000000000000000e+04 9.672924876213073730e-03 4.012815188616514206e-03 1.750490278936922550e-03 2.732453867793083191e-03 8.870611200109124184e-04 8.281137794256210327e-03 3.788307309150695801e-03 1.560891745612025261e-03 2.164752688258886337e-03 7.903781952336430550e-04 8.057389408349990845e-03
1.500000000000000000e+04 5.724747665226459503e-03 2.579987281933426857e-03 1.645785872824490070e-03 2.503062598407268524e-03 8.384383982047438622e-04 3.904701676219701767e-03 2.347385743632912636e-03 1.357873319648206234e-03 2.021698281168937683e-03 7.586239371448755264e-04 8.052809163928031921e-03
1.520000000000000000e+04 1.075875200331211090e-02 6.578644737601280212e-03 2.247647615149617195e-03 2.957777585834264755e-03 1.105504808947443962e-03 7.578797638416290283e-03 5.936605855822563171e-03 2.305724658071994781e-03 2.647691406309604645e-03 1.015078043565154076e-03 8.402590639889240265e-03
1.540000000000000000e+04 6.027235649526119232e-03 4.432247020304203033e-03 4.474525339901447296e-03 3.531789639964699745e-03 1.037374488078057766e-03 3.820077748969197273e-03 4.114104434847831726e-03 4.040433093905448914e-03 3.006157232448458672e-03 9.566042572259902954e-04 8.255832828581333160e-03
1.560000000000000000e+04 1.719177514314651489e-02 1.272442005574703217e-02 5.616421811282634735e-03 3.861411940306425095e-03 9.481370798312127590e-04 1.390786468982696533e-02 1.218678988516330719e-02 5.436752922832965851e-03 3.377250861376523972e-03 8.774187881499528885e-04 8.941236883401870728e-03
1.580000000000000000e+04 5.001740064471960068e-03 2.543542068451642990e-03 1.357575180009007454e-03 2.556331455707550049e-03 8.018989465199410915e-04 3.819338511675596237e-03 2.491310704499483109e-03 1.155514619313180447e-03 1.923906849697232246e-03 7.290627108886837959e-04 7.824347354471683502e-03
1.600000000000000000e+04 1.883088052272796631e-02 1.670781150460243225e-02 3.385227639228105545e-03 3.725338727235794067e-03 1.690239179879426956e-03 1.856521144509315491e-02 1.598417200148105621e-02 3.349792212247848511e-03 3.083991352468729019e-03 1.579241710714995861e-03 8.617802523076534271e-03
1.620000000000000000e+04 5.160128697752952576e-03 2.848584204912185669e-03 1.573959365487098694e-03 2.476910594850778580e-03 8.250842802226543427e-04 3.703566500917077065e-03 2.577821724116802216e-03 1.422859262675046921e-03 2.134355949237942696e-03 7.515855249948799610e-04 7.890642620623111725e-03
1.640000000000000000e+04 9.713159874081611633e-03 7.311703637242317200e-03 2.139566466212272644e-03 2.998705022037029266e-03 1.134822843596339226e-03 9.187199175357818604e-03 7.167904637753963470e-03 2.006005495786666870e-03 2.384242368862032890e-03 1.055383821949362755e-03 8.048725314438343048e-03
1.660000000000000000e+04 5.377478897571563721e-03 3.446444170549511909e-03 3.019058378413319588e-03 2.971922978758811951e-03 1.053972751833498478e-03 4.231995902955532074e-03 3.271968103945255280e-03 2.644870663061738014e-03 2.395006129518151283e-03 9.734026971273124218e-04 7.923272438347339630e-03
1.680000000000000000e+04 4.250657279044389725e-03 3.148384857922792435e-03 1.182164065539836884e-03 2.278357977047562599e-03 8.239705930463969707e-04 2.981060650199651718e-03 2.883032429963350296e-03 1.098977285437285900e-03 1.836127368733286858e-03 7.561658276244997978e-04 7.804007269442081451e-03
1.700000000000000000e+04 6.361510604619979858e-03 4.306544084101915359e-03 1.659214845858514309e-03 2.475133398547768593e-03 8.777359616942703724e-04 5.371050443500280380e-03 4.341335035860538483e-03 1.533314585685729980e-03 1.948239048942923546e-03 8.043628768064081669e-04 7.743360474705696106e-03
1.720000000000000000e+04 3.601785376667976379e-02 2.415818907320499420e-02 5.322608165442943573e-03 3.431491320952773094e-03 1.118664629757404327e-03 3.696659952402114868e-02 2.346745878458023071e-02 5.012831650674343109e-03 2.763401484116911888e-03 1.053341198712587357e-03 9.014235809445381165e-03
1.740000000000000000e+04 7.975775748491287231e-03 5.315655376762151718e-03 3.997538704425096512e-03 3.319103969261050224e-03 1.101163565181195736e-03 6.750919856131076813e-03 4.610533826053142548e-03 4.145754501223564148e-03 2.856228500604629517e-03 1.042503397911787033e-03 7.854946888983249664e-03
1.760000000000000000e+04 4.584059119224548340e-03 4.059350583702325821e-03 2.199155511334538460e-03 2.666619606316089630e-03 9.880850557237863541e-04 3.626349382102489471e-03 3.744762390851974487e-03 2.353651449084281921e-03 2.311671385541558266e-03 8.914666250348091125e-04 7.749562151730060577e-03
1.780000000000000000e+04 4.504631739109754562e-03 1.887881662696599960e-03 1.269510947167873383e-03 2.234322717413306236e-03 7.129099685698747635e-04 3.382898634299635887e-03 1.841478981077671051e-03 1.122917979955673218e-03 1.749249524436891079e-03 6.324758287519216537e-04 7.441655732691287994e-03
1.800000000000000000e+04 4.712003283202648163e-03 2.746791113168001175e-03 1.574294408783316612e-03 2.187271369621157646e-03 7.109858561307191849e-04 3.608845872804522514e-03 2.426879713311791420e-03 1.358027220703661442e-03 1.684214686974883080e-03 6.446411134675145149e-04 7.491560187190771103e-03
1.820000000000000000e+04 3.582962788641452789e-03 1.451669726520776749e-03 2.096941694617271423e-03 2.437528222799301147e-03 7.816231809556484222e-04 2.662199083715677261e-03 1.209368463605642319e-03 1.968613360077142715e-03 1.985990907996892929e-03 7.038123439997434616e-04 7.430891506373882294e-03
1.840000000000000000e+04 3.764610504731535912e-03 1.547420863062143326e-03 1.397561863996088505e-03 2.230043523013591766e-03 7.126637501642107964e-04 3.082919400185346603e-03 1.405977644026279449e-03 1.179340179078280926e-03 1.885715522803366184e-03 6.302445544861257076e-04 7.417002692818641663e-03
1.860000000000000000e+04 1.441149413585662842e-02 1.689602807164192200e-02 1.950358739122748375e-03 2.608374692499637604e-03 1.166561734862625599e-03 1.319282222539186478e-02 1.653011888265609741e-02 1.906746299937367439e-03 2.136230468750000000e-03 1.060769543983042240e-03 8.105697110295295715e-03
1.880000000000000000e+04 6.404624320566654205e-03 5.941005423665046692e-03 1.953879836946725845e-03 2.448148326948285103e-03 1.012366497889161110e-03 5.471393465995788574e-03 5.973429884761571884e-03 1.682503498159348965e-03 2.030484611168503761e-03 9.156211744993925095e-04 7.622930221259593964e-03
1.900000000000000000e+04 4.143168218433856964e-03 2.592285163700580597e-03 1.514031318947672844e-03 2.198101487010717392e-03 7.074473542161285877e-04 2.736764494329690933e-03 2.393690869212150574e-03 1.390844117850065231e-03 1.788194291293621063e-03 6.474126130342483521e-04 7.499137893319129944e-03
1.920000000000000000e+04 1.519852504134178162e-02 2.082838118076324463e-02 2.438218798488378525e-03 2.858036663383245468e-03 1.347189187072217464e-03 1.483397558331489563e-02 2.111119776964187622e-02 2.010249299928545952e-03 2.367922803387045860e-03 1.232425798662006855e-03 8.176367729902267456e-03
1.940000000000000000e+04 2.965403255075216293e-03 1.691324636340141296e-03 9.288652800023555756e-04 1.914062188006937504e-03 6.849005585536360741e-04 1.996838487684726715e-03 1.448029186576604843e-03 8.433203911408782005e-04 1.560561591759324074e-03 6.105430657044053078e-04 7.271231617778539658e-03
1.960000000000000000e+04 5.291453562676906586e-03 4.825648851692676544e-03 1.083134557120501995e-03 2.026390517130494118e-03 8.633394027128815651e-04 4.864424001425504684e-03 4.681731574237346649e-03 9.539643069729208946e-04 1.598600763827562332e-03 7.871461566537618637e-04 7.419768255203962326e-03
1.980000000000000000e+04 1.109091658145189285e-02 4.822541959583759308e-03 4.142966121435165405e-03 3.485722001641988754e-03 1.076361397281289101e-03 1.108453422784805298e-02 4.596129059791564941e-03 3.963666968047618866e-03 3.181663108989596367e-03 9.835024829953908920e-04 7.501474581658840179e-03
2.000000000000000000e+04 4.489760845899581909e-03 1.975362189114093781e-03 1.437107799574732780e-03 2.088083419948816299e-03 6.722149555571377277e-04 4.172217100858688354e-03 1.758356112986803055e-03 1.428143703378736973e-03 1.722026267088949680e-03 6.014228565618395805e-04 7.182362489402294159e-03
2.020000000000000000e+04 3.132050856947898865e-03 3.660410176962614059e-03 2.236459404230117798e-03 2.620263025164604187e-03 9.276260389015078545e-04 2.220124471932649612e-03 3.501287428662180901e-03 2.273046178743243217e-03 2.277134917676448822e-03 8.404680411331355572e-04 7.365120109170675278e-03
2.040000000000000000e+04 8.194020949304103851e-03 9.268428198993206024e-03 2.170227235183119774e-03 2.577223116531968117e-03 1.061471295543015003e-03 7.443705108016729355e-03 9.549390524625778198e-03 2.292593475431203842e-03 2.344622043892741203e-03 9.824498556554317474e-04 7.639749906957149506e-03
2.060000000000000000e+04 6.071423646062612534e-03 4.399828612804412842e-03 3.467786591500043869e-03 2.716699149459600449e-03 9.667323320172727108e-04 5.625434685498476028e-03 4.074040800333023071e-03 3.324894234538078308e-03 2.437257440760731697e-03 8.781253127381205559e-04 7.360027171671390533e-03
2.080000000000000000e+04 3.783159190788865089e-03 2.903073560446500778e-03 1.239220146089792252e-03 2.231344580650329590e-03 7.349117659032344818e-04 3.413629485294222832e-03 2.599744591861963272e-03 1.167524140328168869e-03 1.778768026269972324e-03 6.681541563011705875e-04 7.163465488702058792e-03
2.100000000000000000e+04 7.693261839449405670e-03 4.632085561752319336e-03 1.582664088346064091e-03 2.076340606436133385e-03 8.255792781710624695e-04 7.684788666665554047e-03 4.349601920694112778e-03 1.484824111685156822e-03 1.700946362689137459e-03 7.609852473251521587e-04 7.324051111936569214e-03
2.120000000000000000e+04 1.869542896747589111e-02 1.125984173268079758e-02 5.615964531898498535e-03 3.255141433328390121e-03 1.509586581960320473e-03 1.745624840259552002e-02 1.113939657807350159e-02 5.671347491443157196e-03 2.819101791828870773e-03 1.427351147867739201e-03 7.915438152849674225e-03
2.140000000000000000e+04 1.286748051643371582e-02 1.024111639708280563e-02 4.512950312346220016e-03 3.757890313863754272e-03 1.377327134832739830e-03 1.101578027009963989e-02 9.838360361754894257e-03 4.422858357429504395e-03 3.312321845442056656e-03 1.292034517973661423e-03 7.938842289149761200e-03
2.160000000000000000e+04 2.854094374924898148e-03 1.581765362061560154e-03 1.960416790097951889e-03 2.137488452717661858e-03 6.482622120529413223e-04 2.002527704462409019e-03 1.340717426501214504e-03 1.921586575917899609e-03 1.717739738523960114e-03 5.855570780113339424e-04 6.998196709901094437e-03
2.180000000000000000e+04 5.634662695229053497e-03 8.159950375556945801e-03 4.222046583890914917e-03 3.164366818964481354e-03 1.082909991964697838e-03 5.078678019344806671e-03 7.773388177156448364e-03 4.061232320964336395e-03 2.965469844639301300e-03 1.011183951050043106e-03 7.563550025224685669e-03
2.200000000000000000e+04 3.712475299835205078e-03 2.736031077802181244e-03 8.575135143473744392e-04 1.816092524677515030e-03 6.699766963720321655e-04 2.640887629240751266e-03 2.623355016112327576e-03 8.540722192265093327e-04 1.327531528659164906e-03 6.072479300200939178e-04 6.925661116838455200e-03
2.220000000000000000e+04 3.441053442656993866e-03 2.314532175660133362e-03 2.769704908132553101e-03 2.441795077174901962e-03 8.281258051283657551e-04 2.604941604658961296e-03 2.228273078799247742e-03 2.816575346514582634e-03 2.105030464008450508e-03 7.742006564512848854e-04 6.993423681706190109e-03
2.240000000000000000e+04 4.159374162554740906e-03 2.431552391499280930e-03 1.700090477243065834e-03 2.018167870119214058e-03 7.019620388746261597e-04 3.307136939838528633e-03 2.395571907982230186e-03 1.538749784231185913e-03 1.817941199988126755e-03 6.464545731432735920e-04 7.023857906460762024e-03
2.260000000000000000e+04 3.434813115745782852e-03 5.238094367086887360e-03 3.095872933045029640e-03 2.863466041162610054e-03 9.800407569855451584e-04 2.776860259473323822e-03 4.587699659168720245e-03 3.040474373847246170e-03 2.555535174906253815e-03 9.179692715406417847e-04 7.218048907816410065e-03
2.280000000000000000e+04 2.245151437819004059e-03 1.547474996186792850e-03 1.017331029288470745e-03 1.696261228062212467e-03 6.181016797199845314e-04 1.582739059813320637e-03 1.381808426231145859e-03 7.899237098172307014e-04 1.333341235294938087e-03 5.403871182352304459e-04 6.777081172913312912e-03
2.300000000000000000e+04 2.648774767294526100e-03 1.457336591556668282e-03 1.150510273873806000e-03 1.773628988303244114e-03 5.967297474853694439e-04 1.688433811068534851e-03 1.346984878182411194e-03 1.146770548075437546e-03 1.353807514533400536e-03 5.334699526429176331e-04 6.857967469841241837e-03
2.320000000000000000e+04 1.304052025079727173e-02 1.229905057698488235e-02 5.439438857138156891e-03 3.094789572060108185e-03 8.514490909874439240e-04 1.115123182535171509e-02 1.188818551599979401e-02 5.417021922767162323e-03 2.880015643313527107e-03 7.640920812264084816e-04 7.899849675595760345e-03
2.340000000000000000e+04 8.285564370453357697e-03 1.080947928130626678e-02 3.195916069671511650e-03 2.972981892526149750e-03 1.437813625670969486e-03 7.620156742632389069e-03 1.072703208774328232e-02 3.555159550160169601e-03 2.720879158005118370e-03 1.356728142127394676e-03 7.610447704792022705e-03
2.360000000000000000e+04 6.606443785130977631e-03 7.357212714850902557e-03 1.079648500308394432e-03 1.833004294894635677e-03 7.268676999956369400e-04 5.271766334772109985e-03 6.999458186328411102e-03 1.100334338843822479e-03 1.503747887909412384e-03 6.519588641822338104e-04 7.264450658112764359e-03
2.380000000000000000e+04 7.737374398857355118e-03 7.535760290920734406e-03 1.281068194657564163e-03 1.752019394189119339e-03 6.390330381691455841e-04 7.967937737703323364e-03 7.590548135340213776e-03 1.122225774452090263e-03 1.365587930195033550e-03 5.915750516578555107e-04 7.099904119968414307e-03
2.400000000000000000e+04 5.508106201887130737e-03 5.375984590500593185e-03 6.854680832475423813e-04 1.684406073763966560e-03 6.877378909848630428e-04 4.552067723125219345e-03 4.900266416370868683e-03 8.706185035407543182e-04 1.368493074551224709e-03 6.406681495718657970e-04 7.058306597173213959e-03
2.420000000000000000e+04 6.176734808832406998e-03 3.631128463894128799e-03 9.716076310724020004e-04 1.639437745325267315e-03 6.869653589092195034e-04 6.003136746585369110e-03 3.523073624819517136e-03 8.271295228041708469e-04 1.312858890742063522e-03 6.100166356191039085e-04 6.815647706389427185e-03
2.440000000000000000e+04 2.781259361654520035e-03 2.076555974781513214e-03 6.939000450074672699e-04 1.622238196432590485e-03 5.752553697675466537e-04 2.096123062074184418e-03 1.930439844727516174e-03 7.361889583989977837e-04 1.328131882473826408e-03 5.210681119933724403e-04 6.657273042947053909e-03
2.460000000000000000e+04 4.636412952095270157e-03 3.707157447934150696e-03 1.407508971169590950e-03 1.920252689160406590e-03 6.871584919281303883e-04 3.475163830444216728e-03 3.355626482516527176e-03 1.194145181216299534e-03 1.677354681305587292e-03 6.311886245384812355e-04 6.828666198998689651e-03
2.480000000000000000e+04 4.979476332664489746e-03 4.078433848917484283e-03 1.418113010004162788e-03 2.005705377086997032e-03 6.338009261526167393e-04 3.874534741044044495e-03 3.924076445400714874e-03 1.616529189050197601e-03 1.710948883555829525e-03 5.911651533097028732e-04 6.861047353595495224e-03
2.500000000000000000e+04 2.504211151972413063e-03 1.678091008216142654e-03 8.785417303442955017e-04 1.566621242091059685e-03 5.514759104698896408e-04 1.784277264960110188e-03 1.422188477590680122e-03 7.375229615718126297e-04 1.184756169095635414e-03 5.011568428017199039e-04 6.576904561370611191e-03
2.520000000000000000e+04 2.456822432577610016e-03 1.529184170067310333e-03 1.093718106858432293e-03 1.662219641730189323e-03 5.498373648151755333e-04 1.855508424341678619e-03 1.527104992419481277e-03 1.009890809655189514e-03 1.339206704869866371e-03 4.954418400302529335e-04 6.599992979317903519e-03
2.540000000000000000e+04 2.844832604750990868e-03 1.769518246874213219e-03 7.898763287812471390e-04 1.553414389491081238e-03 5.411894526332616806e-04 2.153584500774741173e-03 1.662259921431541443e-03 6.194527377374470234e-04 1.259347423911094666e-03 4.922713269479572773e-04 6.592295598238706589e-03
2.560000000000000000e+04 2.446143887937068939e-03 3.153722733259201050e-03 2.019035629928112030e-03 2.098605502396821976e-03 7.761982851661741734e-04 1.832359237596392632e-03 3.082224633544683456e-03 2.009982243180274963e-03 1.889112405478954315e-03 6.966474466025829315e-04 6.753055378794670105e-03
2.580000000000000000e+04 6.439191289246082306e-03 3.966065589338541031e-03 1.013751840218901634e-03 1.646902295760810375e-03 5.506424349732697010e-04 6.161574274301528931e-03 3.745672758668661118e-03 9.982244810089468956e-04 1.323663862422108650e-03 5.015110946260392666e-04 6.626080255955457687e-03
2.600000000000000000e+04 8.754464797675609589e-03 1.038815826177597046e-02 9.035951807163655758e-04 1.772347604855895042e-03 7.993312901817262173e-04 8.147040382027626038e-03 9.848210960626602173e-03 9.088278748095035553e-04 1.487296307459473610e-03 7.246579043567180634e-04 7.067813538014888763e-03
2.620000000000000000e+04 4.284913185983896255e-03 2.373316325247287750e-03 2.263892674818634987e-03 1.969997771084308624e-03 5.990707431919872761e-04 4.144623875617980957e-03 2.159841824322938919e-03 2.400998957455158234e-03 1.674798899330198765e-03 5.252583650872111320e-04 6.469613872468471527e-03
2.640000000000000000e+04 8.557802066206932068e-03 1.544179208576679230e-02 5.300316028296947479e-03 3.478171303868293762e-03 1.436223275959491730e-03 8.480180986225605011e-03 1.507220603525638580e-02 5.334160290658473969e-03 3.186442423611879349e-03 1.336960354819893837e-03 7.085961289703845978e-03
2.660000000000000000e+04 4.625762812793254852e-03 3.630341961979866028e-03 2.501415321603417397e-03 2.088650129735469818e-03 7.695844979025423527e-04 4.299751482903957367e-03 3.397556487470865250e-03 2.390348352491855621e-03 1.809409935958683491e-03 6.848963676020503044e-04 6.548030301928520203e-03
2.680000000000000000e+04 5.565418396145105362e-03 4.914894700050354004e-03 2.000755863264203072e-03 1.824770588427782059e-03 5.281019257381558418e-04 4.323947243392467499e-03 4.600556567311286926e-03 2.038154751062393188e-03 1.545232022181153297e-03 4.823244817089289427e-04 6.712316535413265228e-03
2.700000000000000000e+04 2.266241982579231262e-02 3.459726274013519287e-02 8.937634527683258057e-03 5.850880406796932220e-03 3.198857419192790985e-03 2.244554832577705383e-02 3.474733233451843262e-02 9.210176765918731689e-03 5.670711398124694824e-03 3.052963409572839737e-03 8.733504451811313629e-03
2.720000000000000000e+04 2.214229665696620941e-03 1.423828653059899807e-03 7.346520433202385902e-04 1.405782997608184814e-03 4.978524520993232727e-04 1.521112862974405289e-03 1.292168046347796917e-03 5.761054926551878452e-04 1.087546814233064651e-03 4.570340388454496861e-04 6.273430772125720978e-03
2.740000000000000000e+04 2.327387453988194466e-03 1.269088126718997955e-03 8.866557618603110313e-04 1.460420666262507439e-03 4.967863787896931171e-04 1.714494428597390652e-03 1.193048316054046154e-03 9.174470324069261551e-04 1.118762884289026260e-03 4.388067754916846752e-04 6.320212502032518387e-03
2.760000000000000000e+04 8.553825318813323975e-03 4.454697482287883759e-03 4.629108123481273651e-03 3.537353826686739922e-03 1.026925863698124886e-03 7.098303642123937607e-03 4.305056761950254440e-03 4.791899584233760834e-03 3.364392789080739021e-03 9.611427085474133492e-04 6.914469413459300995e-03
2.780000000000000000e+04 4.425676539540290833e-03 3.394374623894691467e-03 6.817131070420145988e-04 1.399852801114320755e-03 5.633074324578046799e-04 3.597741015255451202e-03 3.102532820776104927e-03 5.794853786937892437e-04 1.092240447178483009e-03 5.059073446318507195e-04 6.420267745852470398e-03
2.800000000000000000e+04 2.029428258538246155e-03 8.685882785357534885e-04 6.379407132044434547e-04 1.304965699091553688e-03 4.783874610438942909e-04 1.738514751195907593e-03 6.869371281936764717e-04 7.017941679805517197e-04 1.030829502269625664e-03 4.207183374091982841e-04 6.107917521148920059e-03
2.820000000000000000e+04 3.199873492121696472e-03 3.596554044634103775e-03 1.582963508553802967e-03 1.835090806707739830e-03 7.829098030924797058e-04 3.055722685530781746e-03 3.533269278705120087e-03 1.509085064753890038e-03 1.579418312758207321e-03 7.155193015933036804e-04 6.422275211662054062e-03
2.840000000000000000e+04 2.506360411643981934e-03 2.077642362564802170e-03 1.533983857370913029e-03 1.583293778821825981e-03 5.031584296375513077e-04 2.311456948518753052e-03 2.068153116852045059e-03 1.558744581416249275e-03 1.211351482197642326e-03 4.528682911768555641e-04 6.206480786204338074e-03
2.860000000000000000e+04 1.671125879511237144e-03 8.235002751462161541e-04 1.075251377187669277e-03 1.460770145058631897e-03 4.878110485151410103e-04 1.168433111160993576e-03 7.236648816615343094e-04 1.000115880742669106e-03 1.189984148368239403e-03 4.366173525340855122e-04 6.066339090466499329e-03
2.880000000000000000e+04 2.831651363521814346e-03 4.860409535467624664e-03 1.427460461854934692e-03 1.858850824646651745e-03 6.966660730540752411e-04 2.024543704465031624e-03 4.723096266388893127e-03 1.544926781207323074e-03 1.511159120127558708e-03 6.580264307558536530e-04 6.419973447918891907e-03
2.900000000000000000e+04 3.408938646316528320e-03 1.086315605789422989e-03 7.363106124103069305e-04 1.272680005058646202e-03 4.643114516511559486e-04 2.831175923347473145e-03 1.032266533002257347e-03 6.933472468517720699e-04 1.024660887196660042e-03 4.253051592968404293e-04 6.200103554874658585e-03
2.920000000000000000e+04 2.736750524491071701e-03 1.928324927575886250e-03 6.691914168186485767e-04 1.344620366580784321e-03 4.929448477923870087e-04 1.979417167603969574e-03 1.850135973654687405e-03 4.940410144627094269e-04 1.057790126651525497e-03 4.527023411355912685e-04 6.071527488529682159e-03
2.940000000000000000e+04 1.918495399877429008e-03 1.005102996714413166e-03 1.890133600682020187e-03 1.733900979161262512e-03 5.152780213393270969e-04 1.561333308927714825e-03 8.108429028652608395e-04 1.860217889770865440e-03 1.406654482707381248e-03 4.654210060834884644e-04 6.049985531717538834e-03
2.960000000000000000e+04 4.378899000585079193e-03 5.623625125735998154e-03 6.630538497120141983e-03 3.294176887720823288e-03 8.617085404694080353e-04 4.167720675468444824e-03 5.286530591547489166e-03 6.396472454071044922e-03 3.086537821218371391e-03 7.858432363718748093e-04 6.455976516008377075e-03
2.980000000000000000e+04 3.817082848399877548e-03 3.743275534361600876e-03 1.192064839415252209e-03 1.526552601717412472e-03 5.525333108380436897e-04 3.925171680748462677e-03 3.605526871979236603e-03 1.161844586022198200e-03 1.321694813668727875e-03 5.261064507067203522e-04 6.247807759791612625e-03
3.000000000000000000e+04 3.760719904676079750e-03 3.360896836966276169e-03 1.125014154240489006e-03 1.504209241829812527e-03 6.133062997832894325e-04 3.454390680417418480e-03 3.260212484747171402e-03 1.021190546452999115e-03 1.286017941311001778e-03 5.671692779287695885e-04 6.162498146295547485e-03
3.020000000000000000e+04 1.941523747518658638e-03 2.069422043859958649e-03 2.089749556034803391e-03 1.945417840033769608e-03 5.845468258485198021e-04 1.696343184448778629e-03 1.809415058232843876e-03 1.924000447615981102e-03 1.648849924094974995e-03 5.267676315270364285e-04 6.168411113321781158e-03
3.040000000000000000e+04 1.521781086921691895e-03 8.993454976007342339e-04 2.139020245522260666e-03 1.804581494070589542e-03 5.703872302547097206e-04 1.192004419863224030e-03 8.007878204807639122e-04 2.214516745880246162e-03 1.594267436303198338e-03 5.089573678560554981e-04 5.989589262753725052e-03
3.060000000000000000e+04 1.638244139030575752e-03 1.539025688543915749e-03 6.323267589323222637e-04 1.221194164827466011e-03 4.358761943876743317e-04 1.199168851599097252e-03 1.595922745764255524e-03 5.522525170817971230e-04 1.048389705829322338e-03 3.854983369819819927e-04 5.982387345284223557e-03
3.080000000000000000e+04 2.407930325716733932e-03 1.305145677179098129e-03 5.468168528750538826e-04 1.183107728138566017e-03 4.310471995268017054e-04 2.114790957421064377e-03 1.154595869593322277e-03 4.716142429970204830e-04 9.667422855272889137e-04 3.885024343617260456e-04 5.897948052734136581e-03
3.100000000000000000e+04 1.760622370056807995e-03 1.012006308883428574e-03 9.496881393715739250e-04 1.328121870756149292e-03 4.749797517433762550e-04 1.138516468927264214e-03 9.639438940212130547e-04 8.615093538537621498e-04 1.071406411938369274e-03 4.238339897710829973e-04 5.929823499172925949e-03
3.120000000000000000e+04 2.644682535901665688e-03 1.105415401980280876e-03 6.055542617104947567e-04 1.232910202816128731e-03 4.335892735980451107e-04 2.518157940357923508e-03 9.779047686606645584e-04 4.986173007637262344e-04 1.032263040542602539e-03 3.919826122000813484e-04 5.874961614608764648e-03
3.140000000000000000e+04 2.750821178779006004e-03 1.259881770238280296e-03 5.790304858237504959e-04 1.180405961349606514e-03 4.231348866596817970e-04 2.410195535048842430e-03 1.048189587891101837e-03 4.801852628588676453e-04 8.888071752153337002e-04 3.708561998791992664e-04 5.845707375556230545e-03
3.160000000000000000e+04 1.585448975674808025e-03 8.277702727355062962e-04 5.703171482309699059e-04 1.189058995805680752e-03 4.227239114698022604e-04 1.183692831546068192e-03 6.566603551618754864e-04 5.101298447698354721e-04 9.810432093217968941e-04 3.745732246898114681e-04 5.779697094112634659e-03
3.180000000000000000e+04 2.314208075404167175e-03 2.345030661672353745e-03 3.246337641030550003e-03 2.090753521770238876e-03 5.863308906555175781e-04 2.189465798437595367e-03 2.191809006035327911e-03 3.384940791875123978e-03 1.962248235940933228e-03 5.357564659789204597e-04 5.991769023239612579e-03
3.200000000000000000e+04 2.203379292041063309e-03 2.099875826388597488e-03 5.558030097745358944e-04 1.239954261109232903e-03 4.648669855669140816e-04 1.908694393932819366e-03 2.078859601169824600e-03 4.629816394299268723e-04 1.003946876153349876e-03 4.225812735967338085e-04 5.768342874944210052e-03
3.220000000000000000e+04 1.825745683163404465e-03 1.021471107378602028e-03 1.218476565554738045e-03 1.420072512701153755e-03 4.417538875713944435e-04 1.278150593861937523e-03 9.303728002123534679e-04 9.887834312394261360e-04 1.193124102428555489e-03 3.893508401233702898e-04 5.706155672669410706e-03
3.240000000000000000e+04 1.486280816607177258e-03 8.211594540625810623e-04 7.758096326142549515e-04 1.235254923813045025e-03 4.293965175747871399e-04 1.159695908427238464e-03 6.617462495341897011e-04 6.015098188072443008e-04 9.623196674510836601e-04 3.846356994472444057e-04 5.667952354997396469e-03
3.260000000000000000e+04 2.828814554959535599e-03 1.344655407592654228e-03 7.883082143962383270e-04 1.199361984618008137e-03 4.364909837022423744e-04 2.587893512099981308e-03 1.230607274919748306e-03 7.914494490250945091e-04 9.935077978298068047e-04 3.871845547109842300e-04 5.748179741203784943e-03
3.280000000000000000e+04 1.625067670829594135e-03 1.139999367296695709e-03 9.960948955267667770e-04 1.297172624617815018e-03 4.395931318867951632e-04 1.348819467239081860e-03 9.786173468455672264e-04 9.141315240412950516e-04 1.000053482130169868e-03 3.880187286995351315e-04 5.697755143046379089e-03
3.300000000000000000e+04 1.268665189854800701e-03 6.572664133273065090e-04 1.680389977991580963e-03 1.547016203403472900e-03 4.499016795307397842e-04 1.046676072292029858e-03 4.811760736629366875e-04 1.735185622237622738e-03 1.254814793355762959e-03 3.905475314240902662e-04 5.621287506073713303e-03
3.320000000000000000e+04 1.591678708791732788e-03 9.224127279594540596e-04 5.749724805355072021e-04 1.108649419620633125e-03 3.933690313715487719e-04 1.414764672517776489e-03 7.309499196708202362e-04 5.395737243816256523e-04 8.671915857121348381e-04 3.467482165433466434e-04 5.598783958703279495e-03
3.340000000000000000e+04 1.483239931985735893e-03 8.284053183160722256e-04 5.863311234861612320e-04 1.102042733691632748e-03 3.975104191340506077e-04 9.574133437126874924e-04 6.888678763061761856e-04 5.350740975700318813e-04 8.735685842111706734e-04 3.594525915104895830e-04 5.586553830653429031e-03
3.360000000000000000e+04 1.651942497119307518e-03 1.102686626836657524e-03 1.087061828002333641e-03 1.350949984043836594e-03 4.581084358505904675e-04 1.232474111020565033e-03 1.028460450470447540e-03 9.317283984273672104e-04 1.157548278570175171e-03 4.194600624032318592e-04 5.647920072078704834e-03
3.380000000000000000e+04 1.370497280731797218e-03 8.494848152622580528e-04 6.859354907646775246e-04 1.147009083069860935e-03 4.161651886533945799e-04 1.036422792822122574e-03 7.642742712050676346e-04 6.276610074564814568e-04 9.629856795072555542e-04 3.793812356889247894e-04 5.600670818239450455e-03
3.400000000000000000e+04 2.518627094104886055e-03 1.513678696937859058e-03 6.743823760189116001e-04 1.163263339549303055e-03 4.029331030324101448e-04 2.003263216465711594e-03 1.439993269741535187e-03 5.738605977967381477e-04 9.670337894931435585e-04 3.580435877665877342e-04 5.699776578694581985e-03
3.420000000000000000e+04 1.482774037867784500e-03 1.030113780871033669e-03 5.653541302308440208e-04 1.011818647384643555e-03 3.803029539994895458e-04 1.231023808941245079e-03 8.841021917760372162e-04 4.520773945841938257e-04 8.582377340644598007e-04 3.450133954174816608e-04 5.593727808445692062e-03
3.440000000000000000e+04 1.640547881834208965e-03 1.343578449450433254e-03 4.652941133826971054e-04 1.049546292051672935e-03 3.921642201021313667e-04 1.421969616785645485e-03 1.172676449641585350e-03 4.068609268870204687e-04 8.574735838919878006e-04 3.412757359910756350e-04 5.535950418561697006e-03
3.460000000000000000e+04 3.566888161003589630e-03 1.647141529247164726e-03 6.284267874434590340e-04 1.095942920073866844e-03 3.998725733254104853e-04 3.050894010812044144e-03 1.532285590656101704e-03 5.330458516255021095e-04 9.069676161743700504e-04 3.606449463404715061e-04 5.745351780205965042e-03
3.480000000000000000e+04 1.523506827652454376e-03 1.125959912315011024e-03 5.721314810216426849e-04 1.073915744200348854e-03 3.707625437527894974e-04 1.034189481288194656e-03 1.196529716253280640e-03 4.784450284205377102e-04 8.280177717097103596e-04 3.310631727799773216e-04 5.519607570022344589e-03
3.500000000000000000e+04 1.437172060832381248e-03 1.015787478536367416e-03 5.228754598647356033e-04 1.035086577758193016e-03 3.730660246219485998e-04 1.065862714312970638e-03 8.710055844858288765e-04 5.614833789877593517e-04 8.180656004697084427e-04 3.321204858366400003e-04 5.553546827286481857e-03
3.520000000000000000e+04 2.296443097293376923e-03 1.102964160963892937e-03 5.453597987070679665e-04 1.057999441400170326e-03 3.713492769747972488e-04 2.311011543497443199e-03 1.041662530042231083e-03 4.396816657390445471e-04 7.842063205316662788e-04 3.309456806164234877e-04 5.514339078217744827e-03
3.540000000000000000e+04 2.077911514788866043e-03 1.778269652277231216e-03 4.772330576088279486e-04 1.043929602019488811e-03 3.949722158722579479e-04 1.662070048041641712e-03 1.648052129894495010e-03 4.668116453103721142e-04 8.643183973617851734e-04 3.551440604496747255e-04 5.513751879334449768e-03
3.560000000000000000e+04 1.448830589652061462e-03 1.111780991777777672e-03 8.036359213292598724e-04 1.214752672240138054e-03 4.090179572813212872e-04 1.129525830037891865e-03 1.033768057823181152e-03 7.827390218153595924e-04 9.786351583898067474e-04 3.585647791624069214e-04 5.449259653687477112e-03
3.580000000000000000e+04 1.358124194666743279e-03 6.686333799734711647e-04 5.197883001528680325e-04 1.010867534205317497e-03 3.516367578413337469e-04 1.030327519401907921e-03 6.171958521008491516e-04 5.379373906180262566e-04 7.781094172969460487e-04 3.158356703352183104e-04 5.371622741222381592e-03
3.600000000000000000e+04 2.072217874228954315e-03 1.601060619577765465e-03 1.215099124237895012e-03 1.296392641961574554e-03 4.080323851667344570e-04 1.939606037922203541e-03 1.626590616069734097e-03 1.206628978252410889e-03 1.091710058972239494e-03 3.652740269899368286e-04 5.466352216899394989e-03
3.620000000000000000e+04 1.511544920504093170e-03 9.301857207901775837e-04 4.860713379457592964e-04 9.872126393020153046e-04 3.554830909706652164e-04 1.195083721540868282e-03 8.133820374496281147e-04 3.848673368338495493e-04 7.937242044135928154e-04 3.163103247061371803e-04 5.409971810877323151e-03
3.640000000000000000e+04 1.279500545933842659e-03 6.234383909031748772e-04 4.543413233477622271e-04 9.847264736890792847e-04 3.455750993452966213e-04 1.018447917886078358e-03 5.172881647013127804e-04 3.133827704004943371e-04 8.342518704012036324e-04 3.092609404120594263e-04 5.390856880694627762e-03
3.660000000000000000e+04 1.591862412169575691e-03 1.430440926924347878e-03 6.476193666458129883e-04 1.147755770944058895e-03 4.065541434101760387e-04 1.173840835690498352e-03 1.321262912824749947e-03 7.010340923443436623e-04 9.067929931916296482e-04 3.620897186920046806e-04 5.462536122649908066e-03
3.680000000000000000e+04 1.363179413601756096e-03 1.117066130973398685e-03 5.096759414300322533e-04 1.033724052831530571e-03 3.570291446521878242e-04 1.137122511863708496e-03 9.207441471517086029e-04 4.987033316865563393e-04 7.370697567239403725e-04 3.212208393961191177e-04 5.299877375364303589e-03
3.700000000000000000e+04 1.275236369110643864e-03 6.822806317359209061e-04 6.426890613511204720e-04 1.060642302036285400e-03 3.436052938923239708e-04 1.159696257673203945e-03 5.393643514253199100e-04 4.860995395574718714e-04 8.243775810115039349e-04 3.074657870456576347e-04 5.292636342346668243e-03
3.720000000000000000e+04 1.512511400505900383e-03 1.202140236273407936e-03 6.172990542836487293e-04 1.108923694118857384e-03 3.444222093094140291e-04 1.342911855317652225e-03 9.924869518727064133e-04 6.253878818824887276e-04 8.279475150629878044e-04 3.023847239091992378e-04 5.250480957329273224e-03
3.740000000000000000e+04 1.347782439552247524e-03 6.258563953451812267e-04 4.165955469943583012e-04 9.448163909837603569e-04 3.432027297094464302e-04 1.041044830344617367e-03 5.694242427125573158e-04 4.229125333949923515e-04 7.552762981504201889e-04 3.088799712713807821e-04 5.304310936480760574e-03
3.760000000000000000e+04 1.243615057319402695e-03 6.149408291094005108e-04 4.712499503511935472e-04 9.867530316114425659e-04 3.343064745422452688e-04 9.103454649448394775e-04 4.544972325675189495e-04 3.967937082052230835e-04 7.543287938460707664e-04 2.916290541179478168e-04 5.244824104011058807e-03
3.780000000000000000e+04 1.462918706238269806e-03 1.006886363029479980e-03 6.453419919125735760e-04 1.132951932959258556e-03 3.673458704724907875e-04 1.156387152150273323e-03 8.490296895615756512e-04 5.721360212191939354e-04 9.083895129151642323e-04 3.383345901966094971e-04 5.313861649483442307e-03
3.800000000000000000e+04 1.418695785105228424e-03 7.446007221005856991e-04 6.494349800050258636e-04 1.038027927279472351e-03 3.701618697959929705e-04 1.050995313562452793e-03 7.369535742327570915e-04 4.793640691787004471e-04 8.274475694634020329e-04 3.279601223766803741e-04 5.330075509846210480e-03
3.820000000000000000e+04 1.302678254432976246e-03 7.790117524564266205e-04 5.637699505314230919e-04 9.616066818125545979e-04 3.446969785727560520e-04 9.794905781745910645e-04 7.328353822231292725e-04 5.815197946503758430e-04 7.740122964605689049e-04 3.071722167078405619e-04 5.273177288472652435e-03
3.840000000000000000e+04 1.403243164531886578e-03 6.044075125828385353e-04 4.673213115893304348e-04 8.881025714799761772e-04 3.280969976913183928e-04 1.203667838126420975e-03 5.200003506615757942e-04 4.168851010035723448e-04 7.565363775938749313e-04 2.876744838431477547e-04 5.219382233917713165e-03
3.860000000000000000e+04 1.317905145697295666e-03 7.684746524319052696e-04 5.230010719969868660e-04 9.322490659542381763e-04 3.376545500941574574e-04 9.199043270200490952e-04 5.869444576092064381e-04 4.996091010980308056e-04 8.147342014126479626e-04 3.033320826943963766e-04 5.237594246864318848e-03
3.880000000000000000e+04 1.096097985282540321e-03 6.059979205019772053e-04 4.760973097290843725e-04 9.623267687857151031e-04 3.323581768199801445e-04 8.893480408005416393e-04 5.322056822478771210e-04 5.308286054059863091e-04 7.312329253181815147e-04 3.052287211176007986e-04 5.153982434421777725e-03
3.900000000000000000e+04 1.154595520347356796e-03 6.865201867185533047e-04 5.054687499068677425e-04 9.349728934466838837e-04 3.274238551966845989e-04 9.711849270388484001e-04 6.559634348377585411e-04 4.210487823002040386e-04 7.211387855932116508e-04 2.942408318631350994e-04 5.156164523214101791e-03
3.920000000000000000e+04 1.119146589189767838e-03 8.551185019314289093e-04 5.428572185337543488e-04 9.744146373122930527e-04 3.476698184385895729e-04 9.313970222137868404e-04 8.014889317564666271e-04 4.464062803890556097e-04 8.024289272725582123e-04 3.118091844953596592e-04 5.077963229268789291e-03
3.940000000000000000e+04 1.115068094804883003e-03 6.450986256822943687e-04 4.720441938843578100e-04 8.587867487221956253e-04 3.179616760462522507e-04 8.746127132326364517e-04 5.191044183447957039e-04 4.131876339670270681e-04 6.419400451704859734e-04 2.896129153668880463e-04 5.035331472754478455e-03
3.960000000000000000e+04 1.238245284184813499e-03 6.592407589778304100e-04 4.992835456505417824e-04 9.466959163546562195e-04 3.189714625477790833e-04 9.063420584425330162e-04 5.052593769505620003e-04 4.532397142611443996e-04 7.148837903514504433e-04 2.854905033018440008e-04 5.031652748584747314e-03
3.980000000000000000e+04 1.169297029264271259e-03 6.555322324857115746e-04 4.823261406272649765e-04 8.671476971358060837e-04 3.180343774147331715e-04 8.026543073356151581e-04 5.226109642535448074e-04 4.844415234401822090e-04 6.955368444323539734e-04 2.849181182682514191e-04 5.124826915562152863e-03
4.000000000000000000e+04 1.322283409535884857e-03 1.221437240019440651e-03 4.665078013204038143e-04 8.986284956336021423e-04 3.291020984761416912e-04 9.692584862932562828e-04 1.076779910363256931e-03 4.091297159902751446e-04 7.394438143819570541e-04 2.937663230113685131e-04 5.138319917023181915e-03
4.020000000000000000e+04 1.035749563015997410e-03 5.690458929166197777e-04 4.488478589337319136e-04 9.155379375442862511e-04 3.140818735118955374e-04 8.075545774772763252e-04 4.357664147391915321e-04 5.225918721407651901e-04 6.812693900428712368e-04 2.754129527602344751e-04 5.137176718562841415e-03
4.040000000000000000e+04 1.231245696544647217e-03 7.146847201511263847e-04 4.075498727615922689e-04 8.671858231537044048e-04 3.221884835511445999e-04 8.186434861272573471e-04 6.211189902387559414e-04 4.453312722034752369e-04 6.954874261282384396e-04 2.808292047120630741e-04 5.159256514161825180e-03
4.060000000000000000e+04 1.073658117093145847e-03 5.803037784062325954e-04 4.300790315028280020e-04 8.677875739522278309e-04 3.144397051073610783e-04 9.133778512477874756e-04 4.928684211336076260e-04 4.806616925634443760e-04 7.273973897099494934e-04 2.816888736560940742e-04 5.094850435853004456e-03
4.080000000000000000e+04 1.305998885072767735e-03 7.377699366770684719e-04 4.766032507177442312e-04 8.764400845393538475e-04 3.126277588307857513e-04 1.085407915525138378e-03 6.393373478204011917e-04 5.713410209864377975e-04 6.845155148766934872e-04 2.830450539477169514e-04 5.095692351460456848e-03
4.100000000000000000e+04 1.288586528971791267e-03 9.820070117712020874e-04 5.518867401406168938e-04 9.267335990443825722e-04 3.352384082973003387e-04 9.708125726319849491e-04 9.039123542606830597e-04 5.789205897599458694e-04 7.096910849213600159e-04 2.937824465334415436e-04 5.148218944668769836e-03
4.120000000000000000e+04 1.162841683253645897e-03 7.109772413969039917e-04 4.312083183322101831e-04 8.776420145295560360e-04 3.144817601423710585e-04 9.218978229910135269e-04 6.361822015605866909e-04 4.538011853583157063e-04 7.216571248136460781e-04 2.743353834375739098e-04 5.064045544713735580e-03
4.140000000000000000e+04 1.170463394373655319e-03 6.151592824608087540e-04 5.634019616991281509e-04 9.368782630190253258e-04 3.102647606283426285e-04 9.445829782634973526e-04 5.618634168058633804e-04 5.112568032927811146e-04 7.611360051669180393e-04 2.697673335205763578e-04 4.995490889996290207e-03
4.160000000000000000e+04 1.085064606741070747e-03 5.430724122561514378e-04 4.650952469091862440e-04 9.158424800261855125e-04 3.068826335947960615e-04 7.997373468242585659e-04 4.606778966262936592e-04 3.923338372260332108e-04 6.657543708570301533e-04 2.671312831807881594e-04 5.034350324422121048e-03
4.180000000000000000e+04 1.254743430763483047e-03 5.972739309072494507e-04 4.489022539928555489e-04 9.192050201818346977e-04 3.060480230487883091e-04 9.500808082520961761e-04 4.935416509397327900e-04 4.282427835278213024e-04 7.638389943167567253e-04 2.715297450777143240e-04 5.043475888669490814e-03
4.200000000000000000e+04 1.216232893057167530e-03 5.415329942479729652e-04 4.186719888821244240e-04 8.945798617787659168e-04 2.971031935885548592e-04 8.755342569202184677e-04 4.375382850412279367e-04 3.063735202886164188e-04 6.720321252942085266e-04 2.630107919685542583e-04 5.003389902412891388e-03
4.220000000000000000e+04 1.087744720280170441e-03 6.809101323597133160e-04 4.315508413128554821e-04 8.530874038115143776e-04 3.086576762143522501e-04 8.429118315689265728e-04 6.194633897393941879e-04 3.968600358348339796e-04 7.110208971425890923e-04 2.648409572429955006e-04 5.001760087907314301e-03
4.240000000000000000e+04 9.855017997324466705e-04 5.104951560497283936e-04 4.272300284355878830e-04 8.694503339938819408e-04 2.968470798805356026e-04 7.365730125457048416e-04 3.956995496992021799e-04 3.305309510324150324e-04 7.066540420055389404e-04 2.608002978377044201e-04 4.948399029672145844e-03
4.260000000000000000e+04 9.846239117905497551e-04 5.193005781620740891e-04 4.363026528153568506e-04 8.552324143238365650e-04 2.978071279358118773e-04 8.225211640819907188e-04 4.015311715193092823e-04 3.683348768390715122e-04 7.902448414824903011e-04 2.680743345990777016e-04 4.987346939742565155e-03
4.280000000000000000e+04 9.574365103617310524e-04 4.967114655300974846e-04 4.567523719742894173e-04 8.210193482227623463e-04 2.923659048974514008e-04 7.819005986675620079e-04 4.941090592183172703e-04 4.315408878028392792e-04 6.983189960010349751e-04 2.608162467367947102e-04 4.975690972059965134e-03
4.300000000000000000e+04 1.056105364114046097e-03 5.459638778120279312e-04 4.558477085083723068e-04 8.707578526809811592e-04 2.932097704615443945e-04 8.346074610017240047e-04 4.674950614571571350e-04 3.462999884504824877e-04 6.786854937672615051e-04 2.619773149490356445e-04 4.933067597448825836e-03
4.320000000000000000e+04 1.068047597073018551e-03 5.586128681898117065e-04 4.461710341274738312e-04 8.640502928756177425e-04 2.873720659408718348e-04 7.895583985373377800e-04 4.451741406228393316e-04 4.277546831872314215e-04 6.496065761893987656e-04 2.553238009568303823e-04 4.945207852870225906e-03
4.340000000000000000e+04 1.022132346406579018e-03 6.435292307287454605e-04 3.870129876304417849e-04 8.423214312642812729e-04 2.866572467610239983e-04 8.669462986290454865e-04 5.252111586742103100e-04 3.861005534417927265e-04 6.746946019120514393e-04 2.496678498573601246e-04 4.938879515975713730e-03
4.360000000000000000e+04 1.025072182528674603e-03 4.823371418751776218e-04 4.590351891238242388e-04 8.494154317304491997e-04 2.875243662856519222e-04 6.470899097621440887e-04 4.351951356511563063e-04 4.212670319247990847e-04 6.265514530241489410e-04 2.579812426120042801e-04 4.895974881947040558e-03
4.380000000000000000e+04 9.700914379209280014e-04 5.396817578002810478e-04 4.294810642022639513e-04 8.196984417736530304e-04 2.889037132263183594e-04 6.575369625352323055e-04 4.138406366109848022e-04 3.572580171748995781e-04 6.347636226564645767e-04 2.487761666998267174e-04 4.819962661713361740e-03
4.400000000000000000e+04 1.004304504022002220e-03 6.204668898135423660e-04 4.374766140244901180e-04 8.136227261275053024e-04 2.891718759201467037e-04 7.670560153201222420e-04 5.122112925164401531e-04 4.601650580298155546e-04 6.169194821268320084e-04 2.457745140418410301e-04 4.851126577705144882e-03
4.420000000000000000e+04 9.154909057542681694e-04 4.949519643560051918e-04 4.199809627607464790e-04 8.789217099547386169e-04 2.865552669391036034e-04 7.605087012052536011e-04 4.796989378519356251e-04 4.366738139651715755e-04 6.043413886800408363e-04 2.506534801796078682e-04 4.788098856806755066e-03
4.440000000000000000e+04 1.037520822137594223e-03 8.206877391785383224e-04 5.399638903327286243e-04 8.206912898458540440e-04 2.905236615333706141e-04 9.144944488070905209e-04 7.155645871534943581e-04 4.948219866491854191e-04 5.974227678962051868e-04 2.602040185593068600e-04 4.815747030079364777e-03
4.460000000000000000e+04 8.898752275854349136e-04 5.539452540688216686e-04 4.773940308950841427e-04 8.114263182505965233e-04 2.839526860043406487e-04 7.818981539458036423e-04 5.040821852162480354e-04 4.090438596904277802e-04 5.792673910036683083e-04 2.497376699466258287e-04 4.752262495458126068e-03
4.480000000000000000e+04 9.448450291529297829e-04 4.865259397774934769e-04 4.150588065385818481e-04 7.780702435411512852e-04 2.811239683069288731e-04 7.960376096889376640e-04 4.224677104502916336e-04 4.350092494860291481e-04 6.438222480937838554e-04 2.477457164786756039e-04 4.831723403185606003e-03
4.500000000000000000e+04 9.102810290642082691e-04 5.048473831266164780e-04 4.897028557024896145e-04 8.466814178973436356e-04 2.830451121553778648e-04 8.102040155790746212e-04 3.986449446529150009e-04 4.107255954295396805e-04 6.453031091950833797e-04 2.489859471097588539e-04 4.739219322800636292e-03
4.520000000000000000e+04 9.968569502234458923e-04 5.475445650517940521e-04 4.382022598292678595e-04 7.678335532546043396e-04 2.810790902003645897e-04 7.911656284704804420e-04 4.395060241222381592e-04 4.263549926690757275e-04 6.256084889173507690e-04 2.568393538240343332e-04 4.829000215977430344e-03
4.540000000000000000e+04 8.843851392157375813e-04 5.178477149456739426e-04 3.835621464531868696e-04 7.764872279949486256e-04 2.770599385257810354e-04 6.298449588939547539e-04 4.239278496243059635e-04 5.252278060652315617e-04 6.312628975138068199e-04 2.511385246179997921e-04 4.839347209781408310e-03
4.560000000000000000e+04 8.838866488076746464e-04 5.912092747166752815e-04 4.153253394179046154e-04 8.346342947334051132e-04 2.813812461681663990e-04 5.849427543580532074e-04 5.267489468678832054e-04 3.459681756794452667e-04 6.466592894867062569e-04 2.579605497885495424e-04 4.802416078746318817e-03
4.580000000000000000e+04 9.536385186947882175e-04 4.960870719514787197e-04 3.611542633734643459e-04 7.836110307835042477e-04 2.776514156721532345e-04 6.301444955170154572e-04 4.664668813347816467e-04 4.782472387887537479e-04 6.055908161215484142e-04 2.504890144336968660e-04 4.760113544762134552e-03
4.600000000000000000e+04 9.351982153020799160e-04 4.780424642376601696e-04 3.918368602171540260e-04 8.042431436479091644e-04 2.732672728598117828e-04 6.502033211290836334e-04 4.155666683800518513e-04 4.511274746619164944e-04 6.074815755710005760e-04 2.421067765681073070e-04 4.836778156459331512e-03
4.620000000000000000e+04 9.013903327286243439e-04 4.919084021821618080e-04 4.877140163443982601e-04 7.974844193086028099e-04 2.708848332986235619e-04 6.859705317765474319e-04 4.046380054205656052e-04 3.665399271994829178e-04 5.957257235422730446e-04 2.395976043771952391e-04 4.746700171381235123e-03
4.640000000000000000e+04 9.167881798930466175e-04 5.117210675962269306e-04 4.607961745932698250e-04 8.064495632424950600e-04 2.715030568651854992e-04 6.111736292950809002e-04 4.441777418833225965e-04 4.265783936716616154e-04 6.123678758740425110e-04 2.449841704219579697e-04 4.737787414342164993e-03
4.660000000000000000e+04 9.252852760255336761e-04 4.871126729995012283e-04 3.951762919314205647e-04 8.098526159301400185e-04 2.782232477329671383e-04 7.088291458785533905e-04 3.944104828406125307e-04 3.460501902736723423e-04 6.089522503316402435e-04 2.453400520607829094e-04 4.707571119070053101e-03
4.680000000000000000e+04 9.363797726109623909e-04 4.984436673112213612e-04 3.887563943862915039e-04 7.589329034090042114e-04 2.727785904426127672e-04 7.273459341377019882e-04 3.446334740146994591e-04 4.088463902007788420e-04 5.840569501742720604e-04 2.372517919866368175e-04 4.684955347329378128e-03
4.700000000000000000e+04 9.101059404201805592e-04 4.691737121902406216e-04 4.371367394924163818e-04 8.072373457252979279e-04 2.662847400642931461e-04 6.597223109565675259e-04 4.331451491452753544e-04 3.976966836489737034e-04 6.177985342219471931e-04 2.369480789639055729e-04 4.699386190623044968e-03
4.720000000000000000e+04 8.702994673512876034e-04 5.055625224485993385e-04 4.119045333936810493e-04 7.731469231657683849e-04 2.713188296183943748e-04 6.456332048401236534e-04 4.116489144507795572e-04 3.913851396646350622e-04 6.121628684923052788e-04 2.404766273684799671e-04 4.742030985653400421e-03
4.740000000000000000e+04 8.642710745334625244e-04 5.104927113279700279e-04 4.127789288759231567e-04 7.642928976565599442e-04 2.710109984036535025e-04 7.039298652671277523e-04 4.117359349038451910e-04 3.547444066498428583e-04 6.397038232535123825e-04 2.399873337708413601e-04 4.673041403293609619e-03
4.760000000000000000e+04 8.808678830973803997e-04 5.095789674669504166e-04 4.092307935934513807e-04 7.766678463667631149e-04 2.695992006920278072e-04 6.778920651413500309e-04 3.758780076168477535e-04 3.583076177164912224e-04 5.883658886887133121e-04 2.430586173431947827e-04 4.686301574110984802e-03
4.780000000000000000e+04 8.348420960828661919e-04 5.061340052634477615e-04 4.503340751398354769e-04 7.949559949338436127e-04 2.676427830010652542e-04 6.782694836147129536e-04 4.692696384154260159e-04 4.133977054152637720e-04 6.316992221400141716e-04 2.408975124126300216e-04 4.748465493321418762e-03
4.800000000000000000e+04 8.289748802781105042e-04 4.638716345652937889e-04 3.880814474541693926e-04 7.818239973857998848e-04 2.687406376935541630e-04 6.653601885773241520e-04 3.956828149966895580e-04 3.686231793835759163e-04 5.757951294071972370e-04 2.416862698737531900e-04 4.664451349526643753e-03
4.820000000000000000e+04 9.020352736115455627e-04 4.441549535840749741e-04 3.966287476941943169e-04 7.444762159138917923e-04 2.640420570969581604e-04 6.571335252374410629e-04 4.211817577015608549e-04 3.698277287185192108e-04 5.523254512809216976e-04 2.411135646980255842e-04 4.671052563935518265e-03
4.840000000000000000e+04 9.211437427438795567e-04 4.628356255125254393e-04 3.346016164869070053e-04 7.611403125338256359e-04 2.684689243324100971e-04 6.398393306881189346e-04 3.925925120711326599e-04 3.805084270425140858e-04 5.372707382775843143e-04 2.409986336715519428e-04 4.637012723833322525e-03
4.860000000000000000e+04 8.383910753764212132e-04 4.579894593916833401e-04 3.921902389265596867e-04 7.608727319166064262e-04 2.677989832591265440e-04 6.752043263986706734e-04 4.456336901057511568e-04 4.642980056814849377e-04 5.891558248549699783e-04 2.409669832559302449e-04 4.665422718971967697e-03
4.880000000000000000e+04 8.363126544281840324e-04 4.628740134648978710e-04 3.996322629973292351e-04 7.736409315839409828e-04 2.664031926542520523e-04 6.594578735530376434e-04 4.273485974408686161e-04 4.581412067636847496e-04 5.516968667507171631e-04 2.347273693885654211e-04 4.624342080205678940e-03
4.900000000000000000e+04 8.671722607687115669e-04 4.720808647107332945e-04 4.512772720772773027e-04 7.683339063078165054e-04 2.666261862032115459e-04 6.796977831982076168e-04 3.762518754228949547e-04 4.313376266509294510e-04 5.323285004124045372e-04 2.382620732532814145e-04 4.608748946338891983e-03
4.920000000000000000e+04 8.120792917907238007e-04 4.801434115506708622e-04 4.068838898092508316e-04 7.736581610515713692e-04 2.646684006322175264e-04 6.832478102296590805e-04 3.972774720750749111e-04 4.951643059030175209e-04 5.390296573750674725e-04 2.353093877900391817e-04 4.616831429302692413e-03
4.940000000000000000e+04 8.499769028276205063e-04 5.214010598137974739e-04 4.491886356845498085e-04 7.650885963812470436e-04 2.621506573632359505e-04 7.650307379662990570e-04 4.060592327732592821e-04 5.119540728628635406e-04 5.388334975577890873e-04 2.315723395440727472e-04 4.623424727469682693e-03
4.960000000000000000e+04 8.549990016035735607e-04 4.699491255450993776e-04 4.187540616840124130e-04 7.497314363718032837e-04 2.620724262669682503e-04 7.012235000729560852e-04 4.084820393472909927e-04 4.337025457061827183e-04 5.630238447338342667e-04 2.315667516086250544e-04 4.682463593780994415e-03
4.980000000000000000e+04 9.339731186628341675e-04 4.948079586029052734e-04 3.822940052486956120e-04 7.455529412254691124e-04 2.647601650096476078e-04 7.143287220969796181e-04 3.508005174808204174e-04 3.950965474359691143e-04 5.355062312446534634e-04 2.344507665839046240e-04 4.601057153195142746e-03
5.000000000000000000e+04 8.572858641855418682e-04 4.881257773377001286e-04 4.248003533575683832e-04 7.614052155986428261e-04 2.616840647533535957e-04 5.858081858605146408e-04 4.052513395436108112e-04 4.310270305722951889e-04 5.052341148257255554e-04 2.288854011567309499e-04 4.589248914271593094e-03
