# step, loss_train, loss_test, metrics_test
0.000000000000000000e+00 1.786749511718750000e+03 2.580084228515625000e+02 3.554213093593716621e-03 3.052818298339843750e+01 9.717549383640289307e-02 1.781080810546875000e+03 2.576502990722656250e+02 3.689155448228120804e-03 3.147151756286621094e+01 9.588527679443359375e-02 1.132981181144714355e+00
2.000000000000000000e+02 1.707742553710937500e+03 2.288790893554687500e+02 9.864511489868164062e-01 1.028998374938964844e+01 1.723968982696533203e+00 1.704942749023437500e+03 2.280638580322265625e+02 1.028101205825805664e+00 1.037221527099609375e+01 1.635624051094055176e+00 1.059081554412841797e+00
4.000000000000000000e+02 8.592789916992187500e+02 9.762149047851562500e+01 3.679576873779296875e+00 4.948079586029052734e+00 6.839949607849121094e+00 8.437197265625000000e+02 9.544364929199218750e+01 3.759782314300537109e+00 4.694499492645263672e+00 6.757955551147460938e+00 9.145925045013427734e-01
6.000000000000000000e+02 3.292208557128906250e+02 6.273849868774414062e+01 1.761198282241821289e+00 4.428577423095703125e+00 1.563486862182617188e+01 3.207902221679687500e+02 6.109306335449218750e+01 1.620035648345947266e+00 4.479683876037597656e+00 1.486603355407714844e+01 9.295509457588195801e-01
8.000000000000000000e+02 1.597176208496093750e+02 4.460886001586914062e+01 1.652678489685058594e+00 6.871568679809570312e+00 2.032547378540039062e+01 1.557647399902343750e+02 4.295749664306640625e+01 1.513141989707946777e+00 6.909017086029052734e+00 1.953773880004882812e+01 9.505646824836730957e-01
1.000000000000000000e+03 8.828746795654296875e+01 2.900477600097656250e+01 1.216212987899780273e+00 7.530428886413574219e+00 2.506479263305664062e+01 8.539823913574218750e+01 2.760408020019531250e+01 1.063742399215698242e+00 7.325383186340332031e+00 2.438730049133300781e+01 9.876824617385864258e-01
1.200000000000000000e+03 4.368577575683593750e+01 1.227211284637451172e+01 1.439239978790283203e+00 7.778862953186035156e+00 2.815123367309570312e+01 4.209352111816406250e+01 1.131498241424560547e+01 1.217776298522949219e+00 7.304059982299804688e+00 2.736717033386230469e+01 1.010316133499145508e+00
1.400000000000000000e+03 2.509283447265625000e+01 5.926435470581054688e+00 1.467817068099975586e+00 6.949932098388671875e+00 2.774536514282226562e+01 2.421489524841308594e+01 5.355854034423828125e+00 1.206026077270507812e+00 6.468676567077636719e+00 2.679090499877929688e+01 9.911453723907470703e-01
1.600000000000000000e+03 1.558836555480957031e+01 3.283258438110351562e+00 1.449470996856689453e+00 6.200884342193603516e+00 2.685501480102539062e+01 1.522333908081054688e+01 2.826020240783691406e+00 1.165619373321533203e+00 5.749038696289062500e+00 2.587012481689453125e+01 9.684597253799438477e-01
1.800000000000000000e+03 1.113199806213378906e+01 2.276670455932617188e+00 1.305042743682861328e+00 5.135964393615722656e+00 2.497615051269531250e+01 1.094159889221191406e+01 1.793222546577453613e+00 1.035516023635864258e+00 4.795300006866455078e+00 2.407098197937011719e+01 9.289938807487487793e-01
2.000000000000000000e+03 8.405499458312988281e+00 1.919275522232055664e+00 1.206795096397399902e+00 4.398619651794433594e+00 2.268820190429687500e+01 8.275939941406250000e+00 1.418571949005126953e+00 9.438157677650451660e-01 4.132366657257080078e+00 2.186536407470703125e+01 8.848949670791625977e-01
2.200000000000000000e+03 6.738044738769531250e+00 1.719176650047302246e+00 1.090922355651855469e+00 3.771566390991210938e+00 2.027145385742187500e+01 6.654685020446777344e+00 1.208562970161437988e+00 8.357099294662475586e-01 3.554104089736938477e+00 1.952650451660156250e+01 8.366359472274780273e-01
2.400000000000000000e+03 5.637639045715332031e+00 1.508419275283813477e+00 9.907630681991577148e-01 3.059903621673583984e+00 1.763169860839843750e+01 5.574447631835937500e+00 1.025022506713867188e+00 7.471654415130615234e-01 2.894588470458984375e+00 1.697583770751953125e+01 7.794980406761169434e-01
2.600000000000000000e+03 4.834415912628173828e+00 1.119023919105529785e+00 9.240430593490600586e-01 2.450207233428955078e+00 1.500432491302490234e+01 4.793272018432617188e+00 7.452293634414672852e-01 6.886664032936096191e-01 2.322873353958129883e+00 1.443532180786132812e+01 7.194059491157531738e-01
2.800000000000000000e+03 4.026903629302978516e+00 8.514988422393798828e-01 8.563040494918823242e-01 2.022946834564208984e+00 1.273244094848632812e+01 4.003493309020996094e+00 5.574100017547607422e-01 6.291942596435546875e-01 1.927556037902832031e+00 1.222760391235351562e+01 6.646207571029663086e-01
3.000000000000000000e+03 3.273076534271240234e+00 7.064711451530456543e-01 8.416225910186767578e-01 1.651776790618896484e+00 1.081641578674316406e+01 3.263268470764160156e+00 4.486990571022033691e-01 6.174837350845336914e-01 1.580726861953735352e+00 1.036219310760498047e+01 6.148167848587036133e-01
3.200000000000000000e+03 2.718357086181640625e+00 5.527485609054565430e-01 8.106398582458496094e-01 1.316816329956054688e+00 9.065614700317382812e+00 2.732531309127807617e+00 3.478798866271972656e-01 5.879946351051330566e-01 1.262032389640808105e+00 8.658475875854492188e+00 5.647427439689636230e-01
3.400000000000000000e+03 2.182554006576538086e+00 4.290814697742462158e-01 7.927094697952270508e-01 1.081845521926879883e+00 7.631474494934082031e+00 2.209696531295776367e+00 2.637060284614562988e-01 5.736304521560668945e-01 1.042305946350097656e+00 7.255934715270996094e+00 5.209898948669433594e-01
3.600000000000000000e+03 1.761167287826538086e+00 3.402827084064483643e-01 7.659533023834228516e-01 9.045460224151611328e-01 6.469545841217041016e+00 1.779804348945617676e+00 2.034370154142379761e-01 5.525301694869995117e-01 8.769084811210632324e-01 6.124127388000488281e+00 4.822596907615661621e-01
3.800000000000000000e+03 1.443366050720214844e+00 2.937881946563720703e-01 7.364515066146850586e-01 7.739221453666687012e-01 5.499156475067138672e+00 1.445390224456787109e+00 1.743611991405487061e-01 5.299735069274902344e-01 7.518424987792968750e-01 5.175490856170654297e+00 4.474967122077941895e-01
4.000000000000000000e+03 1.214780926704406738e+00 2.501065135002136230e-01 6.979656219482421875e-01 6.688363552093505859e-01 4.695884704589843750e+00 1.197365045547485352e+00 1.416164338588714600e-01 5.002937316894531250e-01 6.486512422561645508e-01 4.386703491210937500e+00 4.157631993293762207e-01
4.200000000000000000e+03 1.045665264129638672e+00 2.201665043830871582e-01 6.506964564323425293e-01 5.792679786682128906e-01 4.018169403076171875e+00 1.007657766342163086e+00 1.268893182277679443e-01 4.651713371276855469e-01 5.587589740753173828e-01 3.722586631774902344e+00 3.862916231155395508e-01
4.400000000000000000e+03 9.265795946121215820e-01 1.754820942878723145e-01 5.968220233917236328e-01 5.024681091308593750e-01 3.428358554840087891e+00 8.710906505584716797e-01 1.015017181634902954e-01 4.261208176612854004e-01 4.817794263362884521e-01 3.145217895507812500e+00 3.583907783031463623e-01
4.600000000000000000e+03 8.314977288246154785e-01 1.489824503660202026e-01 5.334727764129638672e-01 4.164155125617980957e-01 2.883487701416015625e+00 7.674831151962280273e-01 8.510775864124298096e-02 3.782544732093811035e-01 3.956562876701354980e-01 2.613409996032714844e+00 3.290768861770629883e-01
4.800000000000000000e+03 7.368439435958862305e-01 1.087708026170730591e-01 4.711099267005920410e-01 3.462196588516235352e-01 2.415750503540039062e+00 6.629042029380798340e-01 6.304168701171875000e-02 3.328306972980499268e-01 3.225241303443908691e-01 2.165034532546997070e+00 3.013958930969238281e-01
5.000000000000000000e+03 6.686362028121948242e-01 9.320171177387237549e-02 4.000082612037658691e-01 2.902715504169464111e-01 2.026066780090332031e+00 5.746086239814758301e-01 5.698869004845619202e-02 2.795642614364624023e-01 2.640186846256256104e-01 1.795683145523071289e+00 2.753213942050933838e-01
5.200000000000000000e+03 6.131387948989868164e-01 7.294648885726928711e-02 3.354009389877319336e-01 2.452202439308166504e-01 1.693410754203796387e+00 5.073253512382507324e-01 4.387486726045608521e-02 2.324011921882629395e-01 2.164008766412734985e-01 1.481907963752746582e+00 2.510232627391815186e-01
5.400000000000000000e+03 5.760394334793090820e-01 6.356569379568099976e-02 2.795015573501586914e-01 2.104898095130920410e-01 1.420226812362670898e+00 4.535787701606750488e-01 4.029290750622749329e-02 1.921479105949401855e-01 1.781802326440811157e-01 1.227143764495849609e+00 2.288223803043365479e-01
5.600000000000000000e+03 5.394344329833984375e-01 5.410701781511306763e-02 2.363056242465972900e-01 1.867722272872924805e-01 1.200416564941406250e+00 4.038812518119812012e-01 3.019908629357814789e-02 1.615218222141265869e-01 1.520830243825912476e-01 1.023721575736999512e+00 2.096648961305618286e-01
5.800000000000000000e+03 5.193631052970886230e-01 4.643771797418594360e-02 2.016964852809906006e-01 1.678632497787475586e-01 1.018951416015625000e+00 3.671354651451110840e-01 2.670173905789852142e-02 1.367716193199157715e-01 1.311453729867935181e-01 8.587532043457031250e-01 1.925256848335266113e-01
6.000000000000000000e+03 5.021229982376098633e-01 4.882325977087020874e-02 1.736301183700561523e-01 1.554736495018005371e-01 8.727839589118957520e-01 3.423219919204711914e-01 2.840434759855270386e-02 1.165989339351654053e-01 1.177104562520980835e-01 7.267054915428161621e-01 1.775027364492416382e-01
6.200000000000000000e+03 4.777143895626068115e-01 3.386905044317245483e-02 1.519427299499511719e-01 1.433037966489791870e-01 7.479129433631896973e-01 3.063229024410247803e-01 1.948845386505126953e-02 1.021128371357917786e-01 1.027838289737701416e-01 6.164766550064086914e-01 1.638787239789962769e-01
6.400000000000000000e+03 4.659121632575988770e-01 2.813385799527168274e-02 1.345122456550598145e-01 1.341885626316070557e-01 6.456041336059570312e-01 2.851743996143341064e-01 1.691699586808681488e-02 9.007573127746582031e-02 9.265811741352081299e-02 5.264410376548767090e-01 1.520390212535858154e-01
6.600000000000000000e+03 4.667660892009735107e-01 2.760576084256172180e-02 1.207939758896827698e-01 1.278913915157318115e-01 5.620024204254150391e-01 2.795456647872924805e-01 1.778891310095787048e-02 8.108686655759811401e-02 8.510598540306091309e-02 4.535477757453918457e-01 1.414036154747009277e-01
6.800000000000000000e+03 4.424869716167449951e-01 2.053676918148994446e-02 1.075987964868545532e-01 1.232134178280830383e-01 4.897294044494628906e-01 2.539239227771759033e-01 1.322948560118675232e-02 7.204376906156539917e-02 7.907018065452575684e-02 3.910782635211944580e-01 1.321116387844085693e-01
7.000000000000000000e+03 4.486953318119049072e-01 2.497549355030059814e-02 1.003734692931175232e-01 1.207613870501518250e-01 4.309198558330535889e-01 2.511980235576629639e-01 1.844089478254318237e-02 6.784454733133316040e-02 7.585953176021575928e-02 3.410831987857818604e-01 1.237391531467437744e-01
7.200000000000000000e+03 4.286442399024963379e-01 1.522466354072093964e-02 9.056013822555541992e-02 1.178652569651603699e-01 3.767314851284027100e-01 2.319322228431701660e-01 1.160760596394538879e-02 6.084003672003746033e-02 7.239970564842224121e-02 2.953479886054992676e-01 1.165955960750579834e-01
7.400000000000000000e+03 4.225065708160400391e-01 1.319468580186367035e-02 8.528281003236770630e-02 1.148568689823150635e-01 3.344182670116424561e-01 2.281866073608398438e-01 1.042366027832031250e-02 5.766993016004562378e-02 6.933842599391937256e-02 2.598412632942199707e-01 1.101877391338348389e-01
7.600000000000000000e+03 4.108713567256927490e-01 1.264631282538175583e-02 7.982940971851348877e-02 1.109364479780197144e-01 2.971051633358001709e-01 2.163100838661193848e-01 1.029998436570167542e-02 5.371204763650894165e-02 6.611584872007369995e-02 2.285092175006866455e-01 1.042648106813430786e-01
7.800000000000000000e+03 4.085336327552795410e-01 1.321969553828239441e-02 7.586728036403656006e-02 1.075979694724082947e-01 2.657191753387451172e-01 2.142831385135650635e-01 1.172770559787750244e-02 5.132780224084854126e-02 6.275663524866104126e-02 2.031172066926956177e-01 9.889002144336700439e-02
8.000000000000000000e+03 3.896865844726562500e-01 1.055742427706718445e-02 7.100670039653778076e-02 1.035714372992515564e-01 2.380369901657104492e-01 1.972235441207885742e-01 9.109111502766609192e-03 4.744672402739524841e-02 5.972418189048767090e-02 1.803678870201110840e-01 9.386694431304931641e-02
8.200000000000000000e+03 3.847686946392059326e-01 1.054948475211858749e-02 6.801379472017288208e-02 9.968585520982742310e-02 2.129892706871032715e-01 1.917772740125656128e-01 8.955216035246849060e-03 4.567961394786834717e-02 5.694339424371719360e-02 1.604558825492858887e-01 8.910574764013290405e-02
8.400000000000000000e+03 3.775189518928527832e-01 1.473951898515224457e-02 6.318561732769012451e-02 9.523940086364746094e-02 1.896511465311050415e-01 1.852048337459564209e-01 1.285031624138355255e-02 4.204689711332321167e-02 5.376102030277252197e-02 1.419624537229537964e-01 8.451399207115173340e-02
8.600000000000000000e+03 3.644194602966308594e-01 9.182794019579887390e-03 5.958739668130874634e-02 8.992138504981994629e-02 1.689734458923339844e-01 1.785004436969757080e-01 8.367927744984626770e-03 3.953184932470321655e-02 5.028422549366950989e-02 1.256153732538223267e-01 8.034998178482055664e-02
8.800000000000000000e+03 3.516737222671508789e-01 9.611552581191062927e-03 5.500312894582748413e-02 8.479413390159606934e-02 1.502557992935180664e-01 1.686607003211975098e-01 8.642049506306648254e-03 3.618990629911422729e-02 4.678633064031600952e-02 1.111886277794837952e-01 7.599280029535293579e-02
9.000000000000000000e+03 3.790622949600219727e-01 1.538598444312810898e-02 5.738926678895950317e-02 7.979430258274078369e-02 1.341458261013031006e-01 1.961118578910827637e-01 1.328447461128234863e-02 3.958872333168983459e-02 4.392802342772483826e-02 9.904800355434417725e-02 7.202227413654327393e-02
9.200000000000000000e+03 3.300913572311401367e-01 7.658220827579498291e-03 4.804382473230361938e-02 7.399366050958633423e-02 1.181835681200027466e-01 1.543613672256469727e-01 6.696379743516445160e-03 3.132929280400276184e-02 3.989570587873458862e-02 8.709703385829925537e-02 6.800526380538940430e-02
9.400000000000000000e+03 3.195587396621704102e-01 1.015420164912939072e-02 4.476702958345413208e-02 6.871245056390762329e-02 1.048979610204696655e-01 1.470854431390762329e-01 8.733781054615974426e-03 2.910162881016731262e-02 3.681307286024093628e-02 7.722222805023193359e-02 6.427595764398574829e-02
9.600000000000000000e+03 3.035904169082641602e-01 7.265185005962848663e-03 4.136259481310844421e-02 6.329797208309173584e-02 9.207290410995483398e-02 1.393548250198364258e-01 6.356193684041500092e-03 2.677771076560020447e-02 3.342106565833091736e-02 6.763832271099090576e-02 6.062210351228713989e-02
9.800000000000000000e+03 2.981414198875427246e-01 8.994078263640403748e-03 3.986699879169464111e-02 5.831203982234001160e-02 8.144831657409667969e-02 1.369507163763046265e-01 7.564748637378215790e-03 2.653236687183380127e-02 3.047874569892883301e-02 6.015316769480705261e-02 5.717853456735610962e-02
1.000000000000000000e+04 2.719756960868835449e-01 6.723982281982898712e-03 3.463108092546463013e-02 5.361856520175933838e-02 7.187593728303909302e-02 1.202857643365859985e-01 5.595737136900424957e-03 2.245301567018032074e-02 2.764685824513435364e-02 5.352306365966796875e-02 5.394317582249641418e-02
1.020000000000000000e+04 2.543985247611999512e-01 7.168767042458057404e-03 3.209386020898818970e-02 4.896150529384613037e-02 6.357114017009735107e-02 1.117716059088706970e-01 6.035986822098493576e-03 2.074538730084896088e-02 2.494569495320320129e-02 4.763908684253692627e-02 5.096901953220367432e-02
1.040000000000000000e+04 2.426474988460540771e-01 7.799746934324502945e-03 3.081090375781059265e-02 4.585121572017669678e-02 5.636008828878402710e-02 1.082560792565345764e-01 6.327962968498468399e-03 2.009618282318115234e-02 2.337058261036872864e-02 4.250241443514823914e-02 4.840205982327461243e-02
1.060000000000000000e+04 2.216329574584960938e-01 7.086620200425386429e-03 2.807603403925895691e-02 4.328969866037368774e-02 5.080183595418930054e-02 9.570559114217758179e-02 5.951674655079841614e-03 1.798794791102409363e-02 2.194840088486671448e-02 3.861723095178604126e-02 4.617370665073394775e-02
1.080000000000000000e+04 2.050279527902603149e-01 7.151387631893157959e-03 2.630588971078395844e-02 4.042005538940429688e-02 4.566258192062377930e-02 8.947771042585372925e-02 5.758759565651416779e-03 1.666856370866298676e-02 2.038611844182014465e-02 3.485441952943801880e-02 4.417207464575767517e-02
1.100000000000000000e+04 1.901811957359313965e-01 7.561508566141128540e-03 2.504678070545196533e-02 3.755581378936767578e-02 4.138255119323730469e-02 8.246795088052749634e-02 6.376045756042003632e-03 1.568490453064441681e-02 1.902098953723907471e-02 3.175174444913864136e-02 4.229865595698356628e-02
1.120000000000000000e+04 1.758447587490081787e-01 7.152687758207321167e-03 2.274587377905845642e-02 3.586553037166595459e-02 3.795687109231948853e-02 7.653863728046417236e-02 5.864782258868217468e-03 1.405037753283977509e-02 1.807560585439205170e-02 2.928800694644451141e-02 4.050448536872863770e-02
1.140000000000000000e+04 1.614589691162109375e-01 6.801730021834373474e-03 2.145986631512641907e-02 3.319631516933441162e-02 3.454503789544105530e-02 7.039280980825424194e-02 5.692227277904748917e-03 1.303599588572978973e-02 1.679239422082901001e-02 2.676788717508316040e-02 3.892708942294120789e-02
1.160000000000000000e+04 1.473760604858398438e-01 8.132591843605041504e-03 2.079191245138645172e-02 3.101967647671699524e-02 3.176533430814743042e-02 6.395193189382553101e-02 6.676942110061645508e-03 1.256636157631874084e-02 1.589324697852134705e-02 2.465741150081157684e-02 3.742234408855438232e-02
1.180000000000000000e+04 1.319984793663024902e-01 6.249629892408847809e-03 1.942725665867328644e-02 2.874032966792583466e-02 2.951064333319664001e-02 6.125743314623832703e-02 5.652867257595062256e-03 1.168529037386178970e-02 1.467271056026220322e-02 2.296090498566627502e-02 3.626073524355888367e-02
1.200000000000000000e+04 1.149137690663337708e-01 6.376968696713447571e-03 1.798361539840698242e-02 2.640539780259132385e-02 2.756140008568763733e-02 5.501112714409828186e-02 5.767754279077053070e-03 1.060069818049669266e-02 1.345834322273731232e-02 2.134304121136665344e-02 3.496288135647773743e-02
1.220000000000000000e+04 1.005587279796600342e-01 6.608397234231233597e-03 1.724042184650897980e-02 2.408120594918727875e-02 2.556209638714790344e-02 4.918547347187995911e-02 5.906453356146812439e-03 1.020571682602167130e-02 1.234630309045314789e-02 1.977491751313209534e-02 3.356393054127693176e-02
1.240000000000000000e+04 1.004043146967887878e-01 6.991481408476829529e-03 1.713683456182479858e-02 2.279028668999671936e-02 2.305658161640167236e-02 5.099797993898391724e-02 5.793642252683639526e-03 1.029045134782791138e-02 1.181778497993946075e-02 1.775628887116909027e-02 3.218599408864974976e-02
1.260000000000000000e+04 7.927563041448593140e-02 5.565115250647068024e-03 1.461496204137802124e-02 2.052962034940719604e-02 2.112123183906078339e-02 3.796313330531120300e-02 4.753582645207643509e-03 8.096743375062942505e-03 1.061644963920116425e-02 1.618393883109092712e-02 3.058995306491851807e-02
1.280000000000000000e+04 7.243125140666961670e-02 6.462371908128261566e-03 1.353622972965240479e-02 1.899732649326324463e-02 1.941045001149177551e-02 3.641691058874130249e-02 5.698368418961763382e-03 7.360436022281646729e-03 9.809101000428199768e-03 1.484341919422149658e-02 2.923517487943172455e-02
1.300000000000000000e+04 6.408973038196563721e-02 5.592663306742906570e-03 1.272451132535934448e-02 1.726372539997100830e-02 1.735989376902580261e-02 3.606776893138885498e-02 5.639479495584964752e-03 6.923605687916278839e-03 8.951260708272457123e-03 1.324204634875059128e-02 2.798856049776077271e-02
1.320000000000000000e+04 5.381337553262710571e-02 4.230289719998836517e-03 1.153559237718582153e-02 1.581203192472457886e-02 1.589025743305683136e-02 2.727417275309562683e-02 3.783721476793289185e-03 5.925358273088932037e-03 8.065435104072093964e-03 1.218826510012149811e-02 2.662898786365985870e-02
1.340000000000000000e+04 5.352480709552764893e-02 4.867651965469121933e-03 1.183662284165620804e-02 1.438978500664234161e-02 1.458127051591873169e-02 3.433665260672569275e-02 4.844166804105043411e-03 6.648773327469825745e-03 7.494130171835422516e-03 1.126756984740495682e-02 2.556756883859634399e-02
1.360000000000000000e+04 4.239905253052711487e-02 4.921644926071166992e-03 1.036316901445388794e-02 1.290754973888397217e-02 1.298299245536327362e-02 2.328001335263252258e-02 4.771592561155557632e-03 5.194399505853652954e-03 6.706683896481990814e-03 1.002915389835834503e-02 2.429137006402015686e-02
1.380000000000000000e+04 3.878974169492721558e-02 4.165892023593187332e-03 9.523223154246807098e-03 1.161001250147819519e-02 1.190408319234848022e-02 2.164187282323837280e-02 3.581929486244916916e-03 4.692004062235355377e-03 6.012062542140483856e-03 9.279228746891021729e-03 2.318536303937435150e-02
1.400000000000000000e+04 3.192859143018722534e-02 3.354687942191958427e-03 8.662175387144088745e-03 1.016593724489212036e-02 1.079368963837623596e-02 1.887520961463451385e-02 3.218511119484901428e-03 4.149968270212411880e-03 5.172654055058956146e-03 8.517294190824031830e-03 2.203450910747051239e-02
1.420000000000000000e+04 5.087727308273315430e-02 6.963786669075489044e-03 1.052889600396156311e-02 9.436395950615406036e-03 9.922286495566368103e-03 4.575715214014053345e-02 7.653224747627973557e-03 6.517010275274515152e-03 5.106666591018438339e-03 7.921870797872543335e-03 2.165346406400203705e-02
1.440000000000000000e+04 2.542494423687458038e-02 3.030936233699321747e-03 7.503834553062915802e-03 8.062178269028663635e-03 8.916009217500686646e-03 1.575455069541931152e-02 2.926508896052837372e-03 3.498787060379981995e-03 4.149858839809894562e-03 7.144174538552761078e-03 2.011099830269813538e-02
1.460000000000000000e+04 2.350598946213722229e-02 3.832359099760651588e-03 7.066981866955757141e-03 7.427589502185583115e-03 8.147496730089187622e-03 1.567946001887321472e-02 3.741733264178037643e-03 3.291592933237552643e-03 3.918097820132970810e-03 6.555444095283746719e-03 1.931630074977874756e-02
1.480000000000000000e+04 2.081093937158584595e-02 2.335963305085897446e-03 6.640595383942127228e-03 6.468621082603931427e-03 7.425948977470397949e-03 1.325821131467819214e-02 2.190359402447938919e-03 2.995233982801437378e-03 3.328055841848254204e-03 5.982279311865568161e-03 1.837499439716339111e-02
1.500000000000000000e+04 1.935652643442153931e-02 2.568985335528850555e-03 6.276483647525310516e-03 5.832263268530368805e-03 6.819131784141063690e-03 1.265369541943073273e-02 2.291442826390266418e-03 2.828530035912990570e-03 3.015110036358237267e-03 5.510920193046331406e-03 1.761095225811004639e-02
1.520000000000000000e+04 1.786694861948490143e-02 2.706445287913084030e-03 6.148212589323520660e-03 5.370567552745342255e-03 6.328830961138010025e-03 1.351682189851999283e-02 2.894561737775802612e-03 2.877033315598964691e-03 2.752742730081081390e-03 5.130745470523834229e-03 1.697963289916515350e-02
1.540000000000000000e+04 1.572535932064056396e-02 2.127218758687376976e-03 5.633296910673379898e-03 4.793635103851556778e-03 5.873181857168674469e-03 1.101863384246826172e-02 1.951617305167019367e-03 2.485159551724791527e-03 2.433409914374351501e-03 4.732066765427589417e-03 1.630555838346481323e-02
1.560000000000000000e+04 2.050116658210754395e-02 3.479276783764362335e-03 6.690852344036102295e-03 4.722645506262779236e-03 5.579689983278512955e-03 1.918135955929756165e-02 3.903059987351298332e-03 3.715319791808724403e-03 2.688672393560409546e-03 4.517719149589538574e-03 1.605816930532455444e-02
1.580000000000000000e+04 1.361571718007326126e-02 3.741945605725049973e-03 5.150764249265193939e-03 4.262963309884071350e-03 5.181699525564908981e-03 9.956128895282745361e-03 3.721385728567838669e-03 2.230570185929536819e-03 2.329748356714844704e-03 4.172859713435173035e-03 1.541149709373712540e-02
1.600000000000000000e+04 1.612154021859169006e-02 3.078982466831803322e-03 5.664831027388572693e-03 4.044054076075553894e-03 4.844332113862037659e-03 1.132384315133094788e-02 2.536738757044076920e-03 2.824351191520690918e-03 2.289628144353628159e-03 3.873910056427121162e-03 1.488667353987693787e-02
1.620000000000000000e+04 1.194175891578197479e-02 1.960230525583028793e-03 4.754670895636081696e-03 3.467927221208810806e-03 4.570476710796356201e-03 9.462551213800907135e-03 2.057898323982954025e-03 2.032600110396742821e-03 1.825455576181411743e-03 3.658586647361516953e-03 1.438297145068645477e-02
1.640000000000000000e+04 1.155784353613853455e-02 2.136017661541700363e-03 4.635205492377281189e-03 3.273687791079282761e-03 4.301567561924457550e-03 8.534073829650878906e-03 1.985449111089110374e-03 2.020272659137845039e-03 1.760318176820874214e-03 3.424113616347312927e-03 1.399890612810850143e-02
1.660000000000000000e+04 1.056841481477022171e-02 2.134555717930197716e-03 4.524829331785440445e-03 3.095804946497082710e-03 4.132435657083988190e-03 8.400173857808113098e-03 2.256033709272742271e-03 1.964937197044491768e-03 1.667803851887583733e-03 3.301633754745125771e-03 1.364512462168931961e-02
1.680000000000000000e+04 1.254229061305522919e-02 2.130114007741212845e-03 4.765107762068510056e-03 2.980103250592947006e-03 3.901231335476040840e-03 9.944119490683078766e-03 1.965311588719487190e-03 2.356725744903087616e-03 1.681151101365685463e-03 3.097556997090578079e-03 1.339979190379381180e-02
1.700000000000000000e+04 9.909775108098983765e-03 1.802544575184583664e-03 4.094596020877361298e-03 2.672245493158698082e-03 3.735684789717197418e-03 7.643210701644420624e-03 1.744207693263888359e-03 1.666284864768385887e-03 1.401514979079365730e-03 2.969569526612758636e-03 1.294250600039958954e-02
1.720000000000000000e+04 1.600332185626029968e-02 3.768230788409709930e-03 5.170304328203201294e-03 2.835532650351524353e-03 3.618805436417460442e-03 1.739839836955070496e-02 4.428195767104625702e-03 2.971321577206254005e-03 1.700206776149570942e-03 2.883526962250471115e-03 1.305365003645420074e-02
1.740000000000000000e+04 1.655164361000061035e-02 3.275236347690224648e-03 5.267499014735221863e-03 2.750101033598184586e-03 3.477091202512383461e-03 1.814601570367813110e-02 3.938308916985988617e-03 3.116961102932691574e-03 1.629007514566183090e-03 2.769708633422851562e-03 1.280005183070898056e-02
1.760000000000000000e+04 1.177352666854858398e-02 2.203824464231729507e-03 4.800358321517705917e-03 2.707558451220393181e-03 3.335248678922653198e-03 1.286576688289642334e-02 2.498577348887920380e-03 2.673039445653557777e-03 1.692654564976692200e-03 2.648970577865839005e-03 1.238419674336910248e-02
1.780000000000000000e+04 8.055094629526138306e-03 1.863289391621947289e-03 3.648858051747083664e-03 2.142738085240125656e-03 3.136710729449987411e-03 7.068859413266181946e-03 1.838910393416881561e-03 1.487408764660358429e-03 1.193371717818081379e-03 2.480097580701112747e-03 1.192254479974508286e-02
1.800000000000000000e+04 1.184246130287647247e-02 3.219333011656999588e-03 4.076937679201364517e-03 2.249520272016525269e-03 3.077375236898660660e-03 1.334458775818347931e-02 3.680458292365074158e-03 2.090101595968008041e-03 1.287222490645945072e-03 2.444542478770017624e-03 1.197637524455785751e-02
1.820000000000000000e+04 7.883733138442039490e-03 1.972188474610447884e-03 3.520976053550839424e-03 2.073135692626237869e-03 2.918097656220197678e-03 7.606822997331619263e-03 2.028685994446277618e-03 1.500374637544155121e-03 1.182111795060336590e-03 2.305455273017287254e-03 1.152294967323541641e-02
1.840000000000000000e+04 2.468710578978061676e-02 2.300405409187078476e-03 5.831816233694553375e-03 2.246913034468889236e-03 2.867582486942410469e-03 2.052746340632438660e-02 1.789525384083390236e-03 3.800340462476015091e-03 1.426958013325929642e-03 2.269130898639559746e-03 1.173121109604835510e-02
1.860000000000000000e+04 8.845712058246135712e-03 1.471727853640913963e-03 3.624714212492108345e-03 1.797590637579560280e-03 2.702368423342704773e-03 1.001386158168315887e-02 1.766470493748784065e-03 1.750398892909288406e-03 1.011683954857289791e-03 2.113907830789685249e-03 1.119917351752519608e-02
1.880000000000000000e+04 6.151886191219091415e-03 1.016133232042193413e-03 3.119498491287231445e-03 1.683577196672558784e-03 2.604030538350343704e-03 5.612854845821857452e-03 1.114433514885604382e-03 1.226088264957070351e-03 9.079900337383151054e-04 2.043901942670345306e-03 1.078937016427516937e-02
1.900000000000000000e+04 8.025283925235271454e-03 2.715916372835636139e-03 3.346007782965898514e-03 1.739572035148739815e-03 2.550758887082338333e-03 9.213106706738471985e-03 3.156372578814625740e-03 1.534006441943347454e-03 9.734574705362319946e-04 2.008475596085190773e-03 1.081416849046945572e-02
1.920000000000000000e+04 5.720741115510463715e-03 1.721610547974705696e-03 2.988460473716259003e-03 1.567468862049281597e-03 2.429062034934759140e-03 5.563975311815738678e-03 2.003161469474434853e-03 1.172657590359449387e-03 8.504737052135169506e-04 1.904613804072141647e-03 1.043798401951789856e-02
1.940000000000000000e+04 1.828297041356563568e-02 2.589475130662322044e-03 4.400043748319149017e-03 1.821281854063272476e-03 2.429621759802103043e-03 2.224427275359630585e-02 3.079955233260989189e-03 2.874298486858606339e-03 1.115178223699331284e-03 1.917297602631151676e-03 1.106653921306133270e-02
1.960000000000000000e+04 5.379913840442895889e-03 1.924166455864906311e-03 2.859350992366671562e-03 1.508361427113413811e-03 2.299610991030931473e-03 5.410946439951658249e-03 2.068763598799705505e-03 1.117869978770613670e-03 8.216399583034217358e-04 1.808268949389457703e-03 1.014031190425157547e-02
1.980000000000000000e+04 6.102908402681350708e-03 9.548023808747529984e-04 2.851251047104597092e-03 1.393150538206100464e-03 2.223436487838625908e-03 5.137695930898189545e-03 8.905063150450587273e-04 1.105627277866005898e-03 7.539250655099749565e-04 1.740648644044995308e-03 9.932774119079113007e-03
2.000000000000000000e+04 6.738357711583375931e-03 3.535303287208080292e-03 2.935198135673999786e-03 1.507887616753578186e-03 2.152865985408425331e-03 8.081759326159954071e-03 3.757905215024948120e-03 1.311129890382289886e-03 8.896118961274623871e-04 1.688417629338800907e-03 1.004953589290380478e-02
2.020000000000000000e+04 6.204748526215553284e-03 1.335124252364039421e-03 2.807649318128824234e-03 1.302473829127848148e-03 2.092168666422367096e-03 7.236183620989322662e-03 1.646188786253333092e-03 1.204180647619068623e-03 7.184828864410519600e-04 1.624564640223979950e-03 9.764193557202816010e-03
2.040000000000000000e+04 5.349205806851387024e-03 1.402268069796264172e-03 2.596489619463682175e-03 1.339287031441926956e-03 2.051991876214742661e-03 5.590503104031085968e-03 1.519238925538957119e-03 1.005556201562285423e-03 7.543091196566820145e-04 1.600928371772170067e-03 9.580381214618682861e-03
2.060000000000000000e+04 6.206031888723373413e-03 1.476433128118515015e-03 2.747573424130678177e-03 1.275842776522040367e-03 1.988396747037768364e-03 4.939690232276916504e-03 1.436784281395375729e-03 1.151320990175008774e-03 7.198150269687175751e-04 1.550240907818078995e-03 9.384682402014732361e-03
2.080000000000000000e+04 5.899217445403337479e-03 8.738921023905277252e-04 2.747570397332310677e-03 1.181769999675452709e-03 1.926068798638880253e-03 7.316728588193655014e-03 1.066015218384563923e-03 1.226145774126052856e-03 6.412436487153172493e-04 1.496157725341618061e-03 9.389843791723251343e-03
2.100000000000000000e+04 4.642391111701726913e-03 1.312527572736144066e-03 2.442245371639728546e-03 1.154831144958734512e-03 1.878799987025558949e-03 4.432547371834516525e-03 1.487568952143192291e-03 8.912165649235248566e-04 5.879494710825383663e-04 1.458365353755652905e-03 9.093603119254112244e-03
2.120000000000000000e+04 6.675450131297111511e-03 1.051853643730282784e-03 2.834643702954053879e-03 1.243598875589668751e-03 1.844411133788526058e-03 8.724504150450229645e-03 1.363929826766252518e-03 1.431331038475036621e-03 7.163507398217916489e-04 1.435367506928741932e-03 9.268953464925289154e-03
2.140000000000000000e+04 6.126183085143566132e-03 1.260594348423182964e-03 2.741797361522912979e-03 1.274809590540826321e-03 1.800415804609656334e-03 5.118464585393667221e-03 1.090772682800889015e-03 1.233344199135899544e-03 7.867726963013410568e-04 1.401697867549955845e-03 8.937274105846881866e-03
2.160000000000000000e+04 8.399600163102149963e-03 1.759372302331030369e-03 2.894570818170905113e-03 1.261065597645938396e-03 1.765523804351687431e-03 1.100491825491189957e-02 2.290234668180346489e-03 1.579365227371454239e-03 7.508289418183267117e-04 1.378532266244292259e-03 9.201221168041229248e-03
2.180000000000000000e+04 4.069064743816852570e-03 1.093464554287493229e-03 2.209846628829836845e-03 1.054762396961450577e-03 1.710573909804224968e-03 4.586434923112392426e-03 1.283073914237320423e-03 8.179253200069069862e-04 5.353338783606886864e-04 1.336069079115986824e-03 8.680233731865882874e-03
2.200000000000000000e+04 4.260106943547725677e-03 1.368633355014026165e-03 2.199838403612375259e-03 1.032711938023567200e-03 1.657804357819259167e-03 5.122505594044923782e-03 1.497229561209678650e-03 8.348622359335422516e-04 5.491052870638668537e-04 1.290493295527994633e-03 8.646172471344470978e-03
2.220000000000000000e+04 7.145386654883623123e-03 1.392865902744233608e-03 2.847334835678339005e-03 1.188145601190626621e-03 1.647243043407797813e-03 5.582120269536972046e-03 1.188389840535819530e-03 1.431943732313811779e-03 7.462979992851614952e-04 1.284472644329071045e-03 8.511595427989959717e-03
2.240000000000000000e+04 7.143233437091112137e-03 1.613627187907695770e-03 2.503892173990607262e-03 1.065582386218011379e-03 1.589009072631597519e-03 9.479389525949954987e-03 1.850439468398690224e-03 1.276807859539985657e-03 6.134916911832988262e-04 1.234385999850928783e-03 8.751520887017250061e-03
2.260000000000000000e+04 7.885786704719066620e-03 1.501204678788781166e-03 2.672104164958000183e-03 1.041913405060768127e-03 1.560213975608348846e-03 1.031109504401683807e-02 1.893952721729874611e-03 1.477112178690731525e-03 6.215787725523114204e-04 1.217463752254843712e-03 8.723809383809566498e-03
2.280000000000000000e+04 3.587507642805576324e-03 9.428306948393583298e-04 2.060106024146080017e-03 9.219957282766699791e-04 1.500012585893273354e-03 4.271848127245903015e-03 1.168213086202740669e-03 7.843896164558827877e-04 4.887111135758459568e-04 1.162438886240124702e-03 8.209837600588798523e-03
2.300000000000000000e+04 3.399396548047661781e-03 8.082690765149891376e-04 2.011565025895833969e-03 9.170931298285722733e-04 1.474222401157021523e-03 4.025028552860021591e-03 1.046555582433938980e-03 7.424007635563611984e-04 4.906133981421589851e-04 1.146782771684229374e-03 8.099810220301151276e-03
2.320000000000000000e+04 5.358704365789890289e-03 1.643028575927019119e-03 2.158809220418334007e-03 9.493695106357336044e-04 1.457036240026354790e-03 5.562545731663703918e-03 1.768289715982973576e-03 8.910293690860271454e-04 5.018171505071222782e-04 1.137799583375453949e-03 8.095776662230491638e-03
2.340000000000000000e+04 5.384872201830148697e-03 3.085825592279434204e-03 2.094026189297437668e-03 9.606721578165888786e-04 1.442320412024855614e-03 7.443103939294815063e-03 3.611369058489799500e-03 9.272228926420211792e-04 5.404355470091104507e-04 1.126891584135591984e-03 8.203272707760334015e-03
2.360000000000000000e+04 4.891445860266685486e-03 1.001953613013029099e-03 2.139613498002290726e-03 8.741199271753430367e-04 1.383691793307662010e-03 4.125352017581462860e-03 8.705492364242672920e-04 8.981577120721340179e-04 4.554679035209119320e-04 1.075253472663462162e-03 7.793534081429243088e-03
2.380000000000000000e+04 1.337908580899238586e-02 1.591963227838277817e-03 3.258282784372568130e-03 1.007332466542720795e-03 1.386724063195288181e-03 1.744187995791435242e-02 2.101937774568796158e-03 2.218158449977636337e-03 6.252158200368285179e-04 1.090731238946318626e-03 8.570081554353237152e-03
2.400000000000000000e+04 3.989836201071739197e-03 1.283799530938267708e-03 2.011550823226571083e-03 8.965363958850502968e-04 1.324701122939586639e-03 5.351338535547256470e-03 1.520705642178654671e-03 8.838255889713764191e-04 5.282554775476455688e-04 1.032897736877202988e-03 7.865070365369319916e-03
2.420000000000000000e+04 2.949785441160202026e-03 7.752419332973659039e-04 1.787358662113547325e-03 7.981421658769249916e-04 1.285322010517120361e-03 3.565105143934488297e-03 9.224561508744955063e-04 6.281944224610924721e-04 4.274308157619088888e-04 9.973617270588874817e-04 7.574500050395727158e-03
2.440000000000000000e+04 4.300387576222419739e-03 1.766445115208625793e-03 1.914286753162741661e-03 8.093881187960505486e-04 1.277342904359102249e-03 3.659560345113277435e-03 1.644880510866641998e-03 7.463367655873298645e-04 4.557529755402356386e-04 9.911868255585432053e-04 7.536670193076133728e-03
2.460000000000000000e+04 2.995156915858387947e-03 8.375145844183862209e-04 1.745765097439289093e-03 7.600664393976330757e-04 1.234039547853171825e-03 3.919542767107486725e-03 1.082673203200101852e-03 6.144599756225943565e-04 4.015934537164866924e-04 9.540939354337751865e-04 7.441192865371704102e-03
2.480000000000000000e+04 8.577581495046615601e-03 1.163151580840349197e-03 2.489642705768346786e-03 9.032374946400523186e-04 1.236502779647707939e-03 7.222823332995176315e-03 1.059401431120932102e-03 1.347824349068105221e-03 5.543514853343367577e-04 9.615746093913912773e-04 7.582863792777061462e-03
2.500000000000000000e+04 3.363842144608497620e-03 7.422878406941890717e-04 1.917378045618534088e-03 7.652783533558249474e-04 1.187282148748636246e-03 3.353452309966087341e-03 8.212547982111573219e-04 8.128590416163206100e-04 4.123206599615514278e-04 9.189856937155127525e-04 7.274670526385307312e-03
2.520000000000000000e+04 2.686045132577419281e-03 1.109995762817561626e-03 1.860750140622258186e-03 8.239254239015281200e-04 1.172493211925029755e-03 3.399970009922981262e-03 1.153199234977364540e-03 7.894466398283839226e-04 4.736988339573144913e-04 9.076211135834455490e-04 7.261663209646940231e-03
2.540000000000000000e+04 4.940852057188749313e-03 1.316034002229571342e-03 1.928358105942606926e-03 7.838335586711764336e-04 1.163029344752430916e-03 6.879211869090795517e-03 1.632783561944961548e-03 9.187486721202731133e-04 4.201980773359537125e-04 9.015545365400612354e-04 7.404538337141275406e-03
2.560000000000000000e+04 1.210239809006452560e-02 1.726852962747216225e-03 3.033588640391826630e-03 9.781797416508197784e-04 1.183304353617131710e-03 1.617627218365669250e-02 2.322670537978410721e-03 2.154307905584573746e-03 6.321913097053766251e-04 9.256484336219727993e-04 7.950793020427227020e-03
2.580000000000000000e+04 8.351521566510200500e-03 1.124602393247187138e-03 2.765363547950983047e-03 9.796966332942247391e-04 1.137035200372338295e-03 7.012531161308288574e-03 9.628873085603117943e-04 1.711878227069973946e-03 6.491448730230331421e-04 8.909335592761635780e-04 7.204364519566297531e-03
2.600000000000000000e+04 3.291332628577947617e-03 7.853118004277348518e-04 1.857397495768964291e-03 7.739639258943498135e-04 1.087107579223811626e-03 3.120944602414965630e-03 7.161327521316707134e-04 8.248345693573355675e-04 4.588382143992930651e-04 8.470922475680708885e-04 6.926122121512889862e-03
2.620000000000000000e+04 3.410359844565391541e-03 9.554073913022875786e-04 1.607203041203320026e-03 6.774559151381254196e-04 1.069918740540742874e-03 4.111156798899173737e-03 9.854170493781566620e-04 5.718622123822569847e-04 3.293687477707862854e-04 8.306773379445075989e-04 6.889064330607652664e-03
2.640000000000000000e+04 2.857091836631298065e-03 1.019510324113070965e-03 1.552923349663615227e-03 6.896526319906115532e-04 1.057580462656915188e-03 4.286130890250205994e-03 1.317343907430768013e-03 5.588609492406249046e-04 3.442525630816817284e-04 8.255616994574666023e-04 6.870171520859003067e-03
2.660000000000000000e+04 3.582217730581760406e-03 8.328779367730021477e-04 1.729242503643035889e-03 6.776606896892189980e-04 1.028239494189620018e-03 5.246385000646114349e-03 1.062414608895778656e-03 7.141572423279285431e-04 3.893037501256912947e-04 8.026020368561148643e-04 6.906751543283462524e-03
2.680000000000000000e+04 5.359041504561901093e-03 9.221505024470388889e-04 1.891556661576032639e-03 6.781005067750811577e-04 1.023032004013657570e-03 7.793332915753126144e-03 1.230726484209299088e-03 9.712593746371567249e-04 3.914023400284349918e-04 7.972597377374768257e-04 7.102265488356351852e-03
2.700000000000000000e+04 4.175122361630201340e-03 8.672935655340552330e-04 1.667955191805958748e-03 6.450932705774903297e-04 1.004560268484055996e-03 3.712777048349380493e-03 7.336160633713006973e-04 6.340639665722846985e-04 3.513857373036444187e-04 7.789953378960490227e-04 6.630718708038330078e-03
2.720000000000000000e+04 2.597944578155875206e-03 8.044686983339488506e-04 1.495125470682978630e-03 6.278761429712176323e-04 9.788573952391743660e-04 3.601951757445931435e-03 8.244289783760905266e-04 5.363625823520123959e-04 3.307011502329260111e-04 7.580515230074524879e-04 6.660285871475934982e-03
2.740000000000000000e+04 3.367927391082048416e-03 7.717073895037174225e-04 1.579900854267179966e-03 6.604212103411555290e-04 9.709339938126504421e-04 3.196532838046550751e-03 7.430216064676642418e-04 5.803999956697225571e-04 3.646211407613009214e-04 7.543325191363692284e-04 6.542628630995750427e-03
2.760000000000000000e+04 2.377934288233518600e-03 5.732517456635832787e-04 1.424767076969146729e-03 6.035958649590611458e-04 9.452834492549300194e-04 3.164997324347496033e-03 7.157832151278853416e-04 4.894462181255221367e-04 3.092875122092664242e-04 7.337522110901772976e-04 6.493646185845136642e-03
2.780000000000000000e+04 2.270099008455872536e-03 1.049762591719627380e-03 1.480361213907599449e-03 6.748174200765788555e-04 9.361099218949675560e-04 2.778265392407774925e-03 1.320242648944258690e-03 5.372225423343479633e-04 3.808573237620294094e-04 7.291189394891262054e-04 6.491233594715595245e-03
2.800000000000000000e+04 2.550795674324035645e-03 6.217550253495573997e-04 1.412921352311968803e-03 5.831710295751690865e-04 9.110750979743897915e-04 3.718397812917828560e-03 8.681035833433270454e-04 5.087933386676013470e-04 3.058370784856379032e-04 7.054898305796086788e-04 6.468411069363355637e-03
2.820000000000000000e+04 2.425960730761289597e-03 6.256480701267719269e-04 1.383364200592041016e-03 5.819342331960797310e-04 9.005422471091151237e-04 2.513635903596878052e-03 7.132299942895770073e-04 4.473313165362924337e-04 2.956883399747312069e-04 6.994697614572942257e-04 6.291505414992570877e-03
2.840000000000000000e+04 1.389354839920997620e-02 2.377906814217567444e-03 3.466617781668901443e-03 1.075055100955069065e-03 9.537108708173036575e-04 1.209180150181055069e-02 1.977766398340463638e-03 2.490848768502473831e-03 8.319151820614933968e-04 7.572998874820768833e-04 6.860597059130668640e-03
2.860000000000000000e+04 2.573940437287092209e-03 7.250183261930942535e-04 1.375829568132758141e-03 5.719015607610344887e-04 8.722459897398948669e-04 2.909839618951082230e-03 7.123217219486832619e-04 4.638949758373200893e-04 3.014590474776923656e-04 6.765909492969512939e-04 6.200773175805807114e-03
2.880000000000000000e+04 2.561887260526418686e-03 5.848298314958810806e-04 1.464269822463393211e-03 5.967987235635519028e-04 8.577866246923804283e-04 2.585531212389469147e-03 6.586383096873760223e-04 5.677595618180930614e-04 3.134783473797142506e-04 6.658846978098154068e-04 6.164117716252803802e-03
2.900000000000000000e+04 2.492736326530575752e-03 9.049511863850057125e-04 1.390306977555155754e-03 5.994406528770923615e-04 8.509234758093953133e-04 3.778016893193125725e-03 1.337619731202721596e-03 5.411984166130423546e-04 3.273248730693012476e-04 6.604918744415044785e-04 6.242630071938037872e-03
2.920000000000000000e+04 2.050685696303844452e-03 5.951422499492764473e-04 1.292332308366894722e-03 5.304163205437362194e-04 8.279123576357960701e-04 2.921363105997443199e-03 7.269064662978053093e-04 4.332617972977459431e-04 2.885804860852658749e-04 6.395080126821994781e-04 6.124435923993587494e-03
2.940000000000000000e+04 2.117342315614223480e-03 8.504079305566847324e-04 1.276686089113354683e-03 5.767941474914550781e-04 8.270004182122647762e-04 2.597763203084468842e-03 9.658233029767870903e-04 4.064933164045214653e-04 3.028784412890672684e-04 6.455427501350641251e-04 6.062877830117940903e-03
2.960000000000000000e+04 1.947846496477723122e-03 5.313892033882439137e-04 1.270754262804985046e-03 5.204738117754459381e-04 8.062925189733505249e-04 2.805642783641815186e-03 7.707717013545334339e-04 4.120708617847412825e-04 2.711872220970690250e-04 6.212149746716022491e-04 6.018166430294513702e-03
2.980000000000000000e+04 3.857447300106287003e-03 8.904907153919339180e-04 1.360066933557391167e-03 5.318406037986278534e-04 8.065644651651382446e-04 5.888937506824731827e-03 1.081568188965320587e-03 5.627868231385946274e-04 2.872773911803960800e-04 6.256095366552472115e-04 6.213628686964511871e-03
3.000000000000000000e+04 2.383351325988769531e-03 7.716489490121603012e-04 1.380210509523749352e-03 5.741551285609602928e-04 7.926666876301169395e-04 2.707719802856445312e-03 8.490511681884527206e-04 5.090500926598906517e-04 3.103612398263067007e-04 6.136115407571196556e-04 5.883906967937946320e-03
3.020000000000000000e+04 2.451278734952211380e-03 6.958291633054614067e-04 1.262920559383928776e-03 5.167961353436112404e-04 7.746702758595347404e-04 3.807022701948881149e-03 8.949164766818284988e-04 4.413346468936651945e-04 2.636809949763119221e-04 5.996054969727993011e-04 5.997768603265285492e-03
3.040000000000000000e+04 3.705844748765230179e-03 5.156346596777439117e-04 1.449630595743656158e-03 5.097825778648257256e-04 7.672489155083894730e-04 5.754181649535894394e-03 8.146682521328330040e-04 6.631870637647807598e-04 2.702412893995642662e-04 5.957001703791320324e-04 6.128794513642787933e-03
3.060000000000000000e+04 2.307837828993797302e-03 6.617204053327441216e-04 1.274315174669027328e-03 5.311478162184357643e-04 7.567455759271979332e-04 2.680249279364943504e-03 8.886387222446501255e-04 4.289382195565849543e-04 2.939935075119137764e-04 5.883224075660109520e-04 5.796001758426427841e-03
3.080000000000000000e+04 1.863358658738434315e-03 5.005089915357530117e-04 1.195116201415657997e-03 4.887192044407129288e-04 7.417106535285711288e-04 2.673982176929712296e-03 5.287413951009511948e-04 3.997116873506456614e-04 2.535302774049341679e-04 5.735270678997039795e-04 5.794933065772056580e-03
3.100000000000000000e+04 3.697065403684973717e-03 6.457758136093616486e-04 1.351796090602874756e-03 4.930528812110424042e-04 7.379903690889477730e-04 3.151188604533672333e-03 6.571526173502206802e-04 5.087984027341008186e-04 2.723253564909100533e-04 5.720484768971800804e-04 5.771968048065900803e-03
3.120000000000000000e+04 2.760615199804306030e-03 5.548065528273582458e-04 1.323323464021086693e-03 5.061795236542820930e-04 7.296826224774122238e-04 2.674556570127606392e-03 5.990532226860523224e-04 4.991317982785403728e-04 2.737042959779500961e-04 5.651665851473808289e-04 5.659183487296104431e-03
3.140000000000000000e+04 3.521640319377183914e-03 6.371191120706498623e-04 1.482040388509631157e-03 5.356129258871078491e-04 7.284563034772872925e-04 5.781787447631359100e-03 9.191196877509355545e-04 7.381293689832091331e-04 2.806671545840799809e-04 5.656515131704509258e-04 5.920649506151676178e-03
3.160000000000000000e+04 2.367620123550295830e-03 8.431623573414981365e-04 1.323519391007721424e-03 5.402535898610949516e-04 7.257770630531013012e-04 2.614845056086778641e-03 8.874903433024883270e-04 5.086746532469987869e-04 3.062954638153314590e-04 5.645586061291396618e-04 5.575505550950765610e-03
3.180000000000000000e+04 2.307416871190071106e-03 5.587962805293500423e-04 1.257942058145999908e-03 4.795011191163212061e-04 7.038477924652397633e-04 3.966328222304582596e-03 7.940514478832483292e-04 5.012862966395914555e-04 2.444254350848495960e-04 5.468442104756832123e-04 5.713957361876964569e-03
3.200000000000000000e+04 2.535657724365592003e-03 5.883699050173163414e-04 1.224089181050658226e-03 4.856803861912339926e-04 6.932382821105420589e-04 4.271566867828369141e-03 8.616070845164358616e-04 4.891025600954890251e-04 2.545164024922996759e-04 5.398551002144813538e-04 5.749060772359371185e-03
3.220000000000000000e+04 2.512013074010610580e-03 6.738722440786659718e-04 1.265252591110765934e-03 4.981207894161343575e-04 6.880918517708778381e-04 3.888901323080062866e-03 8.917537052184343338e-04 5.273964488878846169e-04 2.696199226193130016e-04 5.368981510400772095e-04 5.661682691425085068e-03
3.240000000000000000e+04 2.187608974054455757e-03 6.125480867922306061e-04 1.246923231519758701e-03 4.846818628720939159e-04 6.779761752113699913e-04 3.595108864828944206e-03 9.056269773282110691e-04 4.977836506441235542e-04 2.647174696903675795e-04 5.266373045742511749e-04 5.616659298539161682e-03
3.260000000000000000e+04 1.699462998658418655e-03 4.560484667308628559e-04 1.114194397814571857e-03 4.476188332773745060e-04 6.643866654485464096e-04 2.395138144493103027e-03 5.758326733484864235e-04 3.626885882113128901e-04 2.350887807551771402e-04 5.169521318748593330e-04 5.478637292981147766e-03
3.280000000000000000e+04 2.127262763679027557e-03 5.160082946531474590e-04 1.143157016485929489e-03 4.494519089348614216e-04 6.588720716536045074e-04 3.617822658270597458e-03 6.731626344844698906e-04 4.021251224912703037e-04 2.205961936851963401e-04 5.124355666339397430e-04 5.523297470062971115e-03
3.300000000000000000e+04 1.659664325416088104e-03 4.423529026098549366e-04 1.125058508478105068e-03 4.403611819725483656e-04 6.487448117695748806e-04 2.473518019542098045e-03 5.871510365977883339e-04 3.800549602601677179e-04 2.341455983696505427e-04 4.997499054297804832e-04 5.415233317762613297e-03
3.320000000000000000e+04 1.749045681208372116e-03 7.284127641469240189e-04 1.085519092157483101e-03 4.550549783743917942e-04 6.494327681139111519e-04 2.635652665048837662e-03 9.720170055516064167e-04 3.397249383851885796e-04 2.403029793640598655e-04 5.050523323006927967e-04 5.409284029155969620e-03
3.340000000000000000e+04 1.790984184481203556e-03 4.555363557301461697e-04 1.098477630876004696e-03 4.289037315174937248e-04 6.346806185320019722e-04 2.934610936790704727e-03 6.687723216600716114e-04 3.865931357722729445e-04 2.173838147427886724e-04 4.908593837171792984e-04 5.402949173003435135e-03
3.360000000000000000e+04 1.661386108025908470e-03 4.360807361081242561e-04 1.059199799783527851e-03 4.253230581525713205e-04 6.259566289372742176e-04 2.230103127658367157e-03 5.279101897031068802e-04 3.269282169640064240e-04 2.180839946959167719e-04 4.827993980143219233e-04 5.299015436321496964e-03
3.380000000000000000e+04 2.218420384451746941e-03 6.664061220362782478e-04 1.124408445321023464e-03 4.428445827215909958e-04 6.197444745339453220e-04 3.371177939698100090e-03 7.916869944892823696e-04 3.912927058991044760e-04 2.364110259804874659e-04 4.764426848851144314e-04 5.321646574884653091e-03
3.400000000000000000e+04 1.780977007001638412e-03 5.092328065074980259e-04 1.045186189003288746e-03 4.305635811761021614e-04 6.148697575554251671e-04 2.570566954091191292e-03 5.854819901287555695e-04 3.312611952424049377e-04 2.400424127699807286e-04 4.765962949022650719e-04 5.283572711050510406e-03
3.420000000000000000e+04 2.747592516243457794e-03 6.226447294466197491e-04 1.141084707342088223e-03 4.472458676900714636e-04 6.144730723462998867e-04 4.698590841144323349e-03 9.929708903655409813e-04 4.629949107766151428e-04 2.382690436206758022e-04 4.802087787538766861e-04 5.463343579322099686e-03
3.440000000000000000e+04 1.613562228158116341e-03 4.721360455732792616e-04 1.024477882310748100e-03 4.126950807403773069e-04 6.021313602104783058e-04 2.426063176244497299e-03 6.195461610332131386e-04 3.084702766500413418e-04 2.051547635346651077e-04 4.679100238718092442e-04 5.193482618778944016e-03
3.460000000000000000e+04 2.045422093942761421e-03 5.066706798970699310e-04 1.061365008354187012e-03 4.171718610450625420e-04 6.020300788804888725e-04 3.487168345600366592e-03 7.906918181106448174e-04 3.688046126626431942e-04 2.001732500502839684e-04 4.703913291450589895e-04 5.276562646031379700e-03
3.480000000000000000e+04 1.855947892181575298e-03 4.467353574000298977e-04 1.055334229022264481e-03 4.087104753125458956e-04 5.902700359001755714e-04 2.089262939989566803e-03 6.223582895472645760e-04 3.228490240871906281e-04 2.122579462593421340e-04 4.574868362396955490e-04 5.112532060593366623e-03
3.500000000000000000e+04 1.616451772861182690e-03 4.647991445381194353e-04 1.006732229143381119e-03 4.011246492154896259e-04 5.841637030243873596e-04 2.237250329926609993e-03 6.358630489557981491e-04 3.058678703382611275e-04 2.001537213800475001e-04 4.526289412751793861e-04 5.130874458700418472e-03
3.520000000000000000e+04 1.675240928307175636e-03 4.375088028609752655e-04 1.007139682769775391e-03 3.911296080332249403e-04 5.774842575192451477e-04 2.303574467077851295e-03 5.762042710557579994e-04 3.126446099486202002e-04 1.931557926582172513e-04 4.466937971301376820e-04 5.111490841954946518e-03
3.540000000000000000e+04 1.890235347673296928e-03 5.866448627784848213e-04 1.020762720145285130e-03 3.998050233349204063e-04 5.738467443734407425e-04 2.811821410432457924e-03 6.016153492964804173e-04 3.462144522927701473e-04 2.174446708522737026e-04 4.438362957444041967e-04 5.143642891198396683e-03
3.560000000000000000e+04 1.689349533990025520e-03 4.242650466039776802e-04 1.016091788187623024e-03 4.059424682054668665e-04 5.660719471052289009e-04 2.157479990273714066e-03 5.971273640170693398e-04 3.120472538284957409e-04 2.134651585947722197e-04 4.389741225168108940e-04 5.005757790058851242e-03
3.580000000000000000e+04 1.532065216451883316e-03 4.140928504057228565e-04 9.873464005067944527e-04 4.018524778075516224e-04 5.630428786389529705e-04 2.181830117478966713e-03 6.827543256804347038e-04 3.126287483610212803e-04 2.090751804644241929e-04 4.351279931142926216e-04 5.034851841628551483e-03
3.600000000000000000e+04 2.720355289056897163e-03 5.933743086643517017e-04 1.213519484736025333e-03 4.245585878379642963e-04 5.667652003467082977e-04 4.656651057302951813e-03 8.712488925084471703e-04 5.826370907016098499e-04 2.226357464678585529e-04 4.407328960951417685e-04 5.274220835417509079e-03
3.620000000000000000e+04 1.494747353717684746e-03 4.086537810508161783e-04 9.861828293651342392e-04 3.771490883082151413e-04 5.505814333446323872e-04 2.650873037055134773e-03 5.046479054726660252e-04 3.250917070545256138e-04 1.918014022521674633e-04 4.244822775945067406e-04 5.027107428759336472e-03
3.640000000000000000e+04 1.687559066340327263e-03 4.156986251473426819e-04 9.703692630864679813e-04 3.785996814258396626e-04 5.467152222990989685e-04 2.360211685299873352e-03 5.577945848926901817e-04 2.902120759245008230e-04 1.876963942777365446e-04 4.238411784172058105e-04 4.970208276063203812e-03
3.660000000000000000e+04 2.362662460654973984e-03 6.977636367082595825e-04 1.087954500690102577e-03 4.189159371890127659e-04 5.543277948163449764e-04 4.044670145958662033e-03 9.998723398894071579e-04 4.710183420684188604e-04 2.256637089885771275e-04 4.339205333963036537e-04 5.166308488696813583e-03
3.680000000000000000e+04 1.597017515450716019e-03 4.058539052493870258e-04 9.672784944996237755e-04 3.766899171750992537e-04 5.411357851698994637e-04 2.291660290211439133e-03 5.526260356418788433e-04 3.202855878043919802e-04 1.947688433574512601e-04 4.192896303720772266e-04 4.947510547935962677e-03
3.700000000000000000e+04 2.155835740268230438e-03 5.767685361206531525e-04 9.965065401047468185e-04 3.873309469781816006e-04 5.333419539965689182e-04 2.318431157618761063e-03 5.858982331119477749e-04 3.184211673215031624e-04 1.876997848739847541e-04 4.159773234277963638e-04 4.867277108132839203e-03
3.720000000000000000e+04 1.554603455588221550e-03 4.010383854620158672e-04 9.352167835459113121e-04 3.663919924292713404e-04 5.284363869577646255e-04 2.755134366452693939e-03 6.603464717045426369e-04 2.932720817625522614e-04 1.805775391403585672e-04 4.112099122721701860e-04 4.932277370244264603e-03
3.740000000000000000e+04 1.515194540843367577e-03 3.811150090768933296e-04 9.498307481408119202e-04 3.660034271888434887e-04 5.231185932643711567e-04 2.327121328562498093e-03 5.453060148283839226e-04 2.932110510300844908e-04 1.848146785050630569e-04 4.063190717715770006e-04 4.866336006671190262e-03
3.760000000000000000e+04 1.392036792822182178e-03 3.639650240074843168e-04 9.220076608471572399e-04 3.609802806749939919e-04 5.156376282684504986e-04 2.319923369213938713e-03 5.327732651494443417e-04 2.897678641602396965e-04 1.784234191291034222e-04 4.003029316663742065e-04 4.837924614548683167e-03
3.780000000000000000e+04 1.519184792414307594e-03 4.177318187430500984e-04 9.316016803495585918e-04 3.645519318524748087e-04 5.138167180120944977e-04 2.021754859015345573e-03 6.180079653859138489e-04 2.737145405262708664e-04 1.785695058060809970e-04 3.990813856944441795e-04 4.795197863131761551e-03
3.800000000000000000e+04 1.635319087654352188e-03 4.447602841537445784e-04 9.229322313331067562e-04 3.562266938388347626e-04 5.104304291307926178e-04 2.027232432737946510e-03 5.192427779547870159e-04 2.816602063830941916e-04 1.813917624531313777e-04 3.963289782404899597e-04 4.781233612447977066e-03
3.820000000000000000e+04 1.381233683787286282e-03 3.912062966264784336e-04 8.999145356938242912e-04 3.568880492821335793e-04 5.055605433881282806e-04 2.289270050823688507e-03 5.962147843092679977e-04 2.762672374956309795e-04 1.758989383233711123e-04 3.923886397387832403e-04 4.812933038920164108e-03
3.840000000000000000e+04 1.818235032260417938e-03 3.776436788029968739e-04 9.609394473955035210e-04 3.602806245908141136e-04 5.018490483053028584e-04 2.159665804356336594e-03 5.536051467061042786e-04 3.131683624815195799e-04 1.753246760927140713e-04 3.912869433406740427e-04 4.727128893136978149e-03
3.860000000000000000e+04 1.328464597463607788e-03 3.667090495582669973e-04 8.913489291444420815e-04 3.532536502461880445e-04 4.959688521921634674e-04 2.133480738848447800e-03 4.942351370118558407e-04 2.761365030892193317e-04 1.767121866578236222e-04 3.850659122690558434e-04 4.773973021656274796e-03
3.880000000000000000e+04 1.352665014564990997e-03 4.146133724134415388e-04 8.799218339845538139e-04 3.446663031354546547e-04 4.925432149320840836e-04 2.294962992891669273e-03 7.113480241969227791e-04 2.608622889965772629e-04 1.784419582691043615e-04 3.802235296461731195e-04 4.760300274938344955e-03
3.900000000000000000e+04 1.392476493492722511e-03 3.978124877903610468e-04 8.834768086671829224e-04 3.511694376356899738e-04 4.906198591925203800e-04 2.175329718738794327e-03 5.175677360966801643e-04 2.644078340381383896e-04 1.762478350428864360e-04 3.797567042056471109e-04 4.702146165072917938e-03
3.920000000000000000e+04 2.065274165943264961e-03 7.497257902286946774e-04 1.068124314770102501e-03 4.394738352857530117e-04 4.996377974748611450e-04 2.156876027584075928e-03 6.810427876189351082e-04 4.368069348856806755e-04 2.744428347796201706e-04 3.874457324855029583e-04 4.680932033807039261e-03
3.940000000000000000e+04 1.522487029433250427e-03 4.156748764216899872e-04 8.924905559979379177e-04 3.415046958252787590e-04 4.818265151698142290e-04 2.757838461548089981e-03 6.191972643136978149e-04 2.918141835834830999e-04 1.767749199643731117e-04 3.738694358617067337e-04 4.772507119923830032e-03
3.960000000000000000e+04 1.329179620370268822e-03 3.573474532458931208e-04 8.652864489704370499e-04 3.397961263544857502e-04 4.791409592144191265e-04 2.039097249507904053e-03 5.330798448994755745e-04 2.520883572287857533e-04 1.632135681575164199e-04 3.690776647999882698e-04 4.649658687412738800e-03
3.980000000000000000e+04 1.477044075727462769e-03 3.574778384063392878e-04 8.754300069995224476e-04 3.337993111927062273e-04 4.764171317219734192e-04 2.051024697721004486e-03 4.994379123672842979e-04 2.647463115863502026e-04 1.683659356785938144e-04 3.679672954604029655e-04 4.634787794202566147e-03
4.000000000000000000e+04 1.807651948183774948e-03 4.433199937921017408e-04 9.195425081998109818e-04 3.432196390349417925e-04 4.754125839099287987e-04 2.018493134528398514e-03 5.073390784673392773e-04 2.949565823655575514e-04 1.820038887672126293e-04 3.685611300170421600e-04 4.607436712831258774e-03
4.020000000000000000e+04 1.399295288138091564e-03 3.464702749624848366e-04 8.587483898736536503e-04 3.285007551312446594e-04 4.695739480666816235e-04 2.140512224286794662e-03 4.872484132647514343e-04 2.563497400842607021e-04 1.656073000049218535e-04 3.627523256000131369e-04 4.629565868526697159e-03
4.040000000000000000e+04 1.376548549160361290e-03 3.839411656372249126e-04 8.548773475922644138e-04 3.334032371640205383e-04 4.671030910685658455e-04 2.286704489961266518e-03 4.874634032603353262e-04 2.478111418895423412e-04 1.542799873277544975e-04 3.614511806517839432e-04 4.581743385642766953e-03
4.060000000000000000e+04 1.366142183542251587e-03 3.569344116840511560e-04 8.475611684843897820e-04 3.238828794565051794e-04 4.628401075024157763e-04 2.035136800259351730e-03 5.180013831704854965e-04 2.467576414346694946e-04 1.674744999036192894e-04 3.584812511689960957e-04 4.597668070346117020e-03
4.080000000000000000e+04 1.483763335272669792e-03 4.036003083456307650e-04 8.575848187319934368e-04 3.307700098957866430e-04 4.606612783391028643e-04 2.007069531828165054e-03 5.625043995678424835e-04 2.477989182807505131e-04 1.680825225776061416e-04 3.554424620233476162e-04 4.556056577712297440e-03
4.100000000000000000e+04 1.286347047425806522e-03 3.601396165322512388e-04 8.385286200791597366e-04 3.238822100684046745e-04 4.564038827084004879e-04 1.935404492542147636e-03 5.122174043208360672e-04 2.470654435455799103e-04 1.575290662003681064e-04 3.534126153681427240e-04 4.554000683128833771e-03
4.120000000000000000e+04 1.271681510843336582e-03 3.807568573392927647e-04 8.358451304957270622e-04 3.226411936338990927e-04 4.535088664852082729e-04 2.021766500547528267e-03 5.160520668141543865e-04 2.525832678657025099e-04 1.591813343111425638e-04 3.511083195917308331e-04 4.552739672362804413e-03
4.140000000000000000e+04 1.328432816080749035e-03 4.376063589006662369e-04 8.297230815514922142e-04 3.387026663403958082e-04 4.555871710181236267e-04 1.918816589750349522e-03 6.224919343367218971e-04 2.462124975863844156e-04 1.724124595057219267e-04 3.514166164677590132e-04 4.565017297863960266e-03
4.160000000000000000e+04 3.448558039963245392e-03 4.141544923186302185e-04 1.056879526004195213e-03 3.313565975986421108e-04 4.579579108394682407e-04 5.654631648212671280e-03 6.952085532248020172e-04 5.270287510938942432e-04 1.644714211579412222e-04 3.565456136129796505e-04 4.923423286527395248e-03
4.180000000000000000e+04 1.344252377748489380e-03 3.845916944555938244e-04 8.331297431141138077e-04 3.206081746611744165e-04 4.476112662814557552e-04 2.410006010904908180e-03 6.033108802512288094e-04 2.722292847465723753e-04 1.585138379596173763e-04 3.467205096967518330e-04 4.555257502943277359e-03
4.200000000000000000e+04 1.249863416887819767e-03 3.474885015748441219e-04 8.166995830833911896e-04 3.170926938764750957e-04 4.453313304111361504e-04 2.141067991033196449e-03 5.519043188542127609e-04 2.466872974764555693e-04 1.561717363074421883e-04 3.436744736973196268e-04 4.506767727434635162e-03
4.220000000000000000e+04 1.253600465133786201e-03 3.387428005225956440e-04 8.180758450180292130e-04 3.173814911860972643e-04 4.435870505403727293e-04 1.977588282898068428e-03 5.498550017364323139e-04 2.399811928626149893e-04 1.634084910620003939e-04 3.431815712247043848e-04 4.478056915104389191e-03
4.240000000000000000e+04 1.365433679893612862e-03 3.658640198409557343e-04 8.160152356140315533e-04 3.133133868686854839e-04 4.415203293319791555e-04 1.990916207432746887e-03 5.705365911126136780e-04 2.437482762616127729e-04 1.521131634945049882e-04 3.430296492297202349e-04 4.471828229725360870e-03
4.260000000000000000e+04 1.209687558002769947e-03 3.283560508862137794e-04 8.058122475631535053e-04 3.118907334282994270e-04 4.380849422886967659e-04 2.055144868791103363e-03 4.858771280851215124e-04 2.399306395091116428e-04 1.574963825987651944e-04 3.388244076631963253e-04 4.483709577471017838e-03
4.280000000000000000e+04 1.304701901972293854e-03 3.474828554317355156e-04 8.089807815849781036e-04 3.134696162305772305e-04 4.361615865491330624e-04 1.856553135439753532e-03 4.658606485463678837e-04 2.438216615701094270e-04 1.487301778979599476e-04 3.384909359738230705e-04 4.444403573870658875e-03
4.300000000000000000e+04 1.196546829305589199e-03 3.357595414854586124e-04 8.038529194891452789e-04 3.088444937020540237e-04 4.348384682089090347e-04 2.079870784655213356e-03 5.414076731540262699e-04 2.357274934183806181e-04 1.513398747192695737e-04 3.362248535268008709e-04 4.452639725059270859e-03
4.320000000000000000e+04 1.211108174175024033e-03 3.338445967528969049e-04 8.003048715181648731e-04 3.094882413279265165e-04 4.323487519286572933e-04 2.094334457069635391e-03 4.995957715436816216e-04 2.463334240019321442e-04 1.521094382042065263e-04 3.338353999424725771e-04 4.463679622858762741e-03
4.340000000000000000e+04 1.244316808879375458e-03 3.268865402787923813e-04 7.956830668263137341e-04 3.074203850701451302e-04 4.306398914195597172e-04 2.044795081019401550e-03 4.375295829959213734e-04 2.408105356153100729e-04 1.505322579760104418e-04 3.327416488900780678e-04 4.441319964826107025e-03
4.360000000000000000e+04 1.207082532346248627e-03 3.187111287843436003e-04 7.917914772406220436e-04 3.060320159420371056e-04 4.275272949598729610e-04 2.127783838659524918e-03 4.999483935534954071e-04 2.387809799984097481e-04 1.454394950997084379e-04 3.309342137072235346e-04 4.428712651133537292e-03
4.380000000000000000e+04 1.222716644406318665e-03 3.166235983371734619e-04 7.896269671618938446e-04 3.036845300812274218e-04 4.240960697643458843e-04 2.200505696237087250e-03 4.958042409271001816e-04 2.469237078912556171e-04 1.493830350227653980e-04 3.293943882454186678e-04 4.446452949196100235e-03
4.400000000000000000e+04 1.194804441183805466e-03 3.205779357813298702e-04 7.855072617530822754e-04 3.013368404936045408e-04 4.231451312080025673e-04 2.010092372074723244e-03 5.082302959635853767e-04 2.342085645068436861e-04 1.496541372034698725e-04 3.282141988165676594e-04 4.406055901199579239e-03
4.420000000000000000e+04 1.244688057340681553e-03 3.308907325845211744e-04 7.946673431433737278e-04 3.042998723685741425e-04 4.214336513541638851e-04 2.326878719031810760e-03 5.638641887344419956e-04 2.602967433631420135e-04 1.485738030169159174e-04 3.254721814300864935e-04 4.454478155821561813e-03
4.440000000000000000e+04 1.221009297296404839e-03 3.928942023776471615e-04 7.880317280068993568e-04 3.092108527198433876e-04 4.215910448692739010e-04 2.280986402183771133e-03 5.854789051227271557e-04 2.442424593027681112e-04 1.562633551657199860e-04 3.256101626902818680e-04 4.430832341313362122e-03
4.460000000000000000e+04 1.232894370332360268e-03 3.197302867192775011e-04 7.804557681083679199e-04 3.011082590091973543e-04 4.208555910736322403e-04 2.366790082305669785e-03 5.057125235907733440e-04 2.385589177720248699e-04 1.483543019276112318e-04 3.250036388635635376e-04 4.406770691275596619e-03
4.480000000000000000e+04 1.253606285899877548e-03 3.334820212330669165e-04 7.825520588085055351e-04 3.015967668034136295e-04 4.174149944446980953e-04 1.905280048958957195e-03 4.542198439594358206e-04 2.245150099042803049e-04 1.449098635930567980e-04 3.226353437639772892e-04 4.332867916673421860e-03
4.500000000000000000e+04 1.248188083991408348e-03 3.289434243924915791e-04 7.864063372835516930e-04 2.995148242916911840e-04 4.165903083048760891e-04 2.417098265141248703e-03 5.478045204654335976e-04 2.472916385158896446e-04 1.473860174883157015e-04 3.232247254345566034e-04 4.407031461596488953e-03
4.520000000000000000e+04 1.181618194095790386e-03 3.139189793728291988e-04 7.735503604635596275e-04 2.974331728182733059e-04 4.135987255722284317e-04 2.274112077429890633e-03 4.995502531528472900e-04 2.392118913121521473e-04 1.477407349739223719e-04 3.222633677069097757e-04 4.390261601656675339e-03
4.540000000000000000e+04 1.156031154096126556e-03 3.083184419665485620e-04 7.727645570412278175e-04 2.946938911918550730e-04 4.120004014112055302e-04 2.141042146831750870e-03 4.842438793275505304e-04 2.373925526626408100e-04 1.464273955207318068e-04 3.199347993358969688e-04 4.362977109849452972e-03
4.560000000000000000e+04 1.168121583759784698e-03 3.079622401855885983e-04 7.689764024689793587e-04 2.965464373119175434e-04 4.108237335458397865e-04 2.036028075963258743e-03 4.541802918538451195e-04 2.253142156405374408e-04 1.438482286175712943e-04 3.194383461959660053e-04 4.336170386523008347e-03
4.580000000000000000e+04 1.187134417705237865e-03 3.071720129810273647e-04 7.663752767257392406e-04 2.947055036202073097e-04 4.110849404241889715e-04 2.118079224601387978e-03 4.963997052982449532e-04 2.270581317134201527e-04 1.441585773136466742e-04 3.175892052240669727e-04 4.343193490058183670e-03
4.600000000000000000e+04 1.196698751300573349e-03 3.089507517870515585e-04 7.678751135244965553e-04 2.944006701000034809e-04 4.099608049727976322e-04 1.924333744682371616e-03 4.802565963473170996e-04 2.265667717438191175e-04 1.449582341592758894e-04 3.170242998749017715e-04 4.326870664954185486e-03
4.620000000000000000e+04 1.179590122774243355e-03 3.051993553526699543e-04 7.628519088029861450e-04 2.928779576905071735e-04 4.074843891430646181e-04 1.935562817379832268e-03 4.875927115790545940e-04 2.230637473985552788e-04 1.447501708753407001e-04 3.146159579046070576e-04 4.316594917327165604e-03
4.640000000000000000e+04 1.337494933977723122e-03 3.155363956466317177e-04 7.695459062233567238e-04 2.919460530392825603e-04 4.077100311405956745e-04 2.158055547624826431e-03 4.837736778426915407e-04 2.202955074608325958e-04 1.419947075191885233e-04 3.149480326101183891e-04 4.309892654418945312e-03
4.660000000000000000e+04 1.241339952684938908e-03 3.151674463879317045e-04 7.630203035660088062e-04 2.929599722847342491e-04 4.059831844642758369e-04 2.123928628861904144e-03 4.524876712821424007e-04 2.398306969553232193e-04 1.472157891839742661e-04 3.135749429930001497e-04 4.360485821962356567e-03
4.680000000000000000e+04 1.182219013571739197e-03 3.237667551729828119e-04 7.644245633855462074e-04 2.963670995086431503e-04 4.054919118061661720e-04 1.963539980351924896e-03 4.830778634641319513e-04 2.264126960653811693e-04 1.538145734230056405e-04 3.129310498479753733e-04 4.322038497775793076e-03
4.700000000000000000e+04 1.160795916803181171e-03 3.238862263970077038e-04 7.569738663733005524e-04 2.899580867961049080e-04 4.045051173307001591e-04 2.099649049341678619e-03 4.752238164655864239e-04 2.293596771778538823e-04 1.460178027627989650e-04 3.124781651422381401e-04 4.333631135523319244e-03
4.720000000000000000e+04 1.149610849097371101e-03 3.084596246480941772e-04 7.557451608590781689e-04 2.880168904084712267e-04 4.032278957311064005e-04 2.005057409405708313e-03 4.864310030825436115e-04 2.293608122272416949e-04 1.449439732823520899e-04 3.104206407442688942e-04 4.310030024498701096e-03
4.740000000000000000e+04 1.158646307885646820e-03 3.037939022760838270e-04 7.563315448351204395e-04 2.898323000408709049e-04 4.022303037345409393e-04 1.980393892154097557e-03 4.703589656855911016e-04 2.276719460496678948e-04 1.440054766135290265e-04 3.112521953880786896e-04 4.305785056203603745e-03
4.760000000000000000e+04 1.168929738923907280e-03 3.078333684243261814e-04 7.548470748588442802e-04 2.899957762565463781e-04 4.011470591649413109e-04 1.888700178824365139e-03 4.873083380516618490e-04 2.241042966488748789e-04 1.437669270671904087e-04 3.093791601713746786e-04 4.293199162930250168e-03
4.780000000000000000e+04 1.157920341938734055e-03 3.074490814469754696e-04 7.528583519160747528e-04 2.892047050409018993e-04 3.997694002464413643e-04 2.041624160483479500e-03 4.771715030074119568e-04 2.282347704749554396e-04 1.434702571714296937e-04 3.082220209762454033e-04 4.312703851610422134e-03
4.800000000000000000e+04 1.192649244330823421e-03 3.129889955744147301e-04 7.532993331551551819e-04 2.898239181376993656e-04 3.989759716205298901e-04 1.863207435235381126e-03 4.464293597266077995e-04 2.270222757942974567e-04 1.427621755283325911e-04 3.082448383793234825e-04 4.282994661480188370e-03
4.820000000000000000e+04 1.147639704868197441e-03 3.073765547014772892e-04 7.510987343266606331e-04 2.885730064008384943e-04 3.981901681981980801e-04 1.928905723616480827e-03 4.551438614726066589e-04 2.255920844618231058e-04 1.423836074536666274e-04 3.067494544666260481e-04 4.292459227144718170e-03
4.840000000000000000e+04 1.139356521889567375e-03 3.069372032769024372e-04 7.499293424189090729e-04 2.889971656259149313e-04 3.976392908953130245e-04 2.045189496129751205e-03 4.918095655739307404e-04 2.266459923703223467e-04 1.417440798832103610e-04 3.065646160393953323e-04 4.300324246287345886e-03
4.860000000000000000e+04 1.197288045659661293e-03 3.000717260874807835e-04 7.535690092481672764e-04 2.879457606468349695e-04 3.969091631006449461e-04 2.299622166901826859e-03 5.023733829148113728e-04 2.424026606604456902e-04 1.433069119229912758e-04 3.049937658943235874e-04 4.335914738476276398e-03
4.880000000000000000e+04 1.138629158958792686e-03 3.050678642466664314e-04 7.473740261048078537e-04 2.869017771445214748e-04 3.960427129641175270e-04 2.038459992036223412e-03 5.127136828377842903e-04 2.281101187691092491e-04 1.415607257513329387e-04 3.055639099329710007e-04 4.296806640923023224e-03
4.900000000000000000e+04 1.128669828176498413e-03 2.989042259287089109e-04 7.450380362570285797e-04 2.859217056538909674e-04 3.952478873543441296e-04 1.998828491196036339e-03 4.767281643580645323e-04 2.263199130538851023e-04 1.415595761500298977e-04 3.046838392037898302e-04 4.285371862351894379e-03
4.920000000000000000e+04 1.163525506854057312e-03 3.314673667773604393e-04 7.500023348256945610e-04 2.878259110730141401e-04 3.950166283175349236e-04 1.944963354617357254e-03 5.443026893772184849e-04 2.269288233947008848e-04 1.449981355108320713e-04 3.060227609239518642e-04 4.272328689694404602e-03
4.940000000000000000e+04 1.169153722003102303e-03 3.022989840246737003e-04 7.443919312208890915e-04 2.846018760465085506e-04 3.939739253837615252e-04 1.838026219047605991e-03 4.642495769076049328e-04 2.285056543769314885e-04 1.409875694662332535e-04 3.038448630832135677e-04 4.263101145625114441e-03
4.960000000000000000e+04 1.211863709613680840e-03 3.008486528415232897e-04 7.507840055041015148e-04 2.860403037630021572e-04 3.927233337890356779e-04 2.379819285124540329e-03 5.004486883990466595e-04 2.389337169006466866e-04 1.402734778821468353e-04 3.032389213331043720e-04 4.310837946832180023e-03
4.980000000000000000e+04 1.222927938215434551e-03 3.159867774229496717e-04 7.450355915352702141e-04 2.850959426723420620e-04 3.923386684618890285e-04 1.800540485419332981e-03 4.579772939905524254e-04 2.273279533255845308e-04 1.422066707164049149e-04 3.033524844795465469e-04 4.254451487213373184e-03
5.000000000000000000e+04 1.212796894833445549e-03 3.066624049097299576e-04 7.423713104799389839e-04 2.843644761014729738e-04 3.911763778887689114e-04 1.874819397926330566e-03 4.931377479806542397e-04 2.299666521139442921e-04 1.396130392095074058e-04 3.027596394531428814e-04 4.263760522007942200e-03
