# step, loss_train, loss_test, metrics_test
0.000000000000000000e+00 1.783146606445312500e+03 2.617485656738281250e+02 2.113440277753397822e-04 3.230008697509765625e+01 4.518221830949187279e-04 1.780638916015625000e+03 2.614782409667968750e+02 2.151622175006195903e-04 3.279455184936523438e+01 4.531712038442492485e-04 1.134640812873840332e+00
2.000000000000000000e+02 1.418901489257812500e+03 1.896306762695312500e+02 4.730130732059478760e-01 8.776699066162109375e+00 1.324114227294921875e+01 1.419812866210937500e+03 1.891800537109375000e+02 4.751417636871337891e-01 8.759815216064453125e+00 1.271421051025390625e+01 1.151267170906066895e+00
4.000000000000000000e+02 3.921854553222656250e+02 8.653798675537109375e+01 1.612018203735351562e+01 4.597900867462158203e+00 8.541530609130859375e+00 3.698623046875000000e+02 8.115155029296875000e+01 1.629846000671386719e+01 4.262726306915283203e+00 8.196693420410156250e+00 6.344965696334838867e-01
6.000000000000000000e+02 3.366434326171875000e+02 6.818342590332031250e+01 6.954504013061523438e+00 2.927841663360595703e+00 6.126652717590332031e+00 3.154108276367187500e+02 6.330263137817382812e+01 6.421140670776367188e+00 2.779375314712524414e+00 5.941295623779296875e+00 6.447012424468994141e-01
8.000000000000000000e+02 4.608948898315429688e+01 7.860626220703125000e+00 3.241244792938232422e+00 3.654096841812133789e+00 4.924252510070800781e+00 4.154954528808593750e+01 7.068580627441406250e+00 3.140719413757324219e+00 3.518490314483642578e+00 4.863798141479492188e+00 5.340038537979125977e-01
1.000000000000000000e+03 7.360354900360107422e+00 2.106316804885864258e+00 9.611970782279968262e-01 1.075496435165405273e+00 3.812973499298095703e-01 6.140342712402343750e+00 1.866199612617492676e+00 8.369740247726440430e-01 9.930428862571716309e-01 3.699885904788970947e-01 2.024011760950088501e-01
1.200000000000000000e+03 4.720226287841796875e+00 7.620916366577148438e-01 3.786515295505523682e-01 3.634505271911621094e-01 1.670351028442382812e-01 3.892834186553955078e+00 6.673545837402343750e-01 3.190012276172637939e-01 3.283482193946838379e-01 1.560030430555343628e-01 1.187224537134170532e-01
1.400000000000000000e+03 3.156820535659790039e+00 3.392914831638336182e-01 2.568250596523284912e-01 2.456911206245422363e-01 9.593148529529571533e-02 2.559954166412353516e+00 2.969236373901367188e-01 2.234225869178771973e-01 2.225042134523391724e-01 8.739334344863891602e-02 8.984320610761642456e-02
1.600000000000000000e+03 1.825937509536743164e+00 1.956993043422698975e-01 1.524934172630310059e-01 1.699715852737426758e-01 6.105552613735198975e-02 1.413557887077331543e+00 1.720612496137619019e-01 1.287772506475448608e-01 1.515844017267227173e-01 5.604266375303268433e-02 7.068140059709548950e-02
1.800000000000000000e+03 1.138736486434936523e+00 1.211390644311904907e-01 8.385136723518371582e-02 1.247770637273788452e-01 4.027497023344039917e-02 8.630746603012084961e-01 1.040674522519111633e-01 6.771554052829742432e-02 1.091462150216102600e-01 3.756345435976982117e-02 5.844676494598388672e-02
2.000000000000000000e+03 8.769321441650390625e-01 9.041480720043182373e-02 6.023219972848892212e-02 9.862716495990753174e-02 3.383486717939376831e-02 6.743159294128417969e-01 7.788008451461791992e-02 4.998984932899475098e-02 8.576068282127380371e-02 3.227780014276504517e-02 5.128436163067817688e-02
2.200000000000000000e+03 7.215135097503662109e-01 6.996729969978332520e-02 5.587343871593475342e-02 8.175512403249740601e-02 2.768188342452049255e-02 5.516695976257324219e-01 6.175418943166732788e-02 5.029339343309402466e-02 7.213774323463439941e-02 2.677595242857933044e-02 4.635459184646606445e-02
2.400000000000000000e+03 6.016316413879394531e-01 8.113376796245574951e-02 4.875316843390464783e-02 6.919270753860473633e-02 2.316584438085556030e-02 4.599485397338867188e-01 7.563677430152893066e-02 4.383739084005355835e-02 5.966198071837425232e-02 2.238038554787635803e-02 4.258131608366966248e-02
2.600000000000000000e+03 5.063630342483520508e-01 7.712933421134948730e-02 4.379355907440185547e-02 5.367054045200347900e-02 1.726902090013027191e-02 3.792940080165863037e-01 6.982144713401794434e-02 3.890776634216308594e-02 4.660416394472122192e-02 1.648990064859390259e-02 3.805773705244064331e-02
2.800000000000000000e+03 4.258323311805725098e-01 7.658561319112777710e-02 4.787883162498474121e-02 4.741896316409111023e-02 1.597034372389316559e-02 3.202039897441864014e-01 7.064846903085708618e-02 4.346177354454994202e-02 4.211831465363502502e-02 1.526171341538429260e-02 3.470363840460777283e-02
3.000000000000000000e+03 3.368106484413146973e-01 4.042924568057060242e-02 3.754770010709762573e-02 3.712807968258857727e-02 1.126270182430744171e-02 2.469559609889984131e-01 3.523133695125579834e-02 3.198360651731491089e-02 3.179134428501129150e-02 1.077655889093875885e-02 3.097486682236194611e-02
3.200000000000000000e+03 2.957416176795959473e-01 6.558705866336822510e-02 3.578264638781547546e-02 3.170706331729888916e-02 1.085476111620664597e-02 2.157800793647766113e-01 6.061760336160659790e-02 3.051683306694030762e-02 2.731784246861934662e-02 1.046672463417053223e-02 2.880582399666309357e-02
3.400000000000000000e+03 2.398018389940261841e-01 3.320480138063430786e-02 3.220433369278907776e-02 2.745447680354118347e-02 8.643694221973419189e-03 1.734621375799179077e-01 2.962532266974449158e-02 2.753812074661254883e-02 2.353663928806781769e-02 8.376562036573886871e-03 2.612509392201900482e-02
3.600000000000000000e+03 2.159307003021240234e-01 4.233664646744728088e-02 3.063446097075939178e-02 2.443174831569194794e-02 8.338644169270992279e-03 1.586056649684906006e-01 3.865712881088256836e-02 2.560329996049404144e-02 2.074758894741535187e-02 8.065099827945232391e-03 2.490145526826381683e-02
3.800000000000000000e+03 1.909415125846862793e-01 4.427978768944740295e-02 2.679720148444175720e-02 2.172014117240905762e-02 8.047804236412048340e-03 1.432410329580307007e-01 4.099723696708679199e-02 2.200141549110412598e-02 1.851155236363410950e-02 7.730769924819469452e-03 2.345145493745803833e-02
4.000000000000000000e+03 1.657935678958892822e-01 4.268237203359603882e-02 2.571714296936988831e-02 2.026150375604629517e-02 7.982958108186721802e-03 1.188227981328964233e-01 3.891723975539207458e-02 2.068257518112659454e-02 1.759608462452888489e-02 7.761097978800535202e-03 2.257788181304931641e-02
4.200000000000000000e+03 1.902948617935180664e-01 1.198246553540229797e-01 3.630537539720535278e-02 2.339524030685424805e-02 1.528005208820104599e-02 1.506269872188568115e-01 1.136441826820373535e-01 3.255399689078330994e-02 2.122282236814498901e-02 1.483550108969211578e-02 2.379864640533924103e-02
4.400000000000000000e+03 1.328840255737304688e-01 2.294680848717689514e-02 1.990093663334846497e-02 1.519567333161830902e-02 6.264643277972936630e-03 9.584523737430572510e-02 1.980015262961387634e-02 1.594029366970062256e-02 1.276590675115585327e-02 6.067893467843532562e-03 2.007752656936645508e-02
4.600000000000000000e+03 1.417511254549026489e-01 6.040193140506744385e-02 2.244936674833297729e-02 1.742101646959781647e-02 8.818046189844608307e-03 1.137583777308464050e-01 5.985504761338233948e-02 1.883954182267189026e-02 1.466252841055393219e-02 8.558505214750766754e-03 1.982293650507926941e-02
4.800000000000000000e+03 1.320717632770538330e-01 7.749679684638977051e-02 2.907780371606349945e-02 1.942395791411399841e-02 1.007840037345886230e-02 9.752240031957626343e-02 7.311540842056274414e-02 2.580542676150798798e-02 1.750688254833221436e-02 9.850954636931419373e-03 2.011966146528720856e-02
5.000000000000000000e+03 1.139374896883964539e-01 4.675180464982986450e-02 3.445428982377052307e-02 1.964975707232952118e-02 9.627799503505229950e-03 8.365723490715026855e-02 4.400870949029922485e-02 3.135680034756660461e-02 1.787329837679862976e-02 9.294270537793636322e-03 1.882141828536987305e-02
5.200000000000000000e+03 9.832093864679336548e-02 2.490575239062309265e-02 1.603236421942710876e-02 1.210845913738012314e-02 5.711442790925502777e-03 7.218478620052337646e-02 2.257413975894451141e-02 1.287577114999294281e-02 9.816147387027740479e-03 5.501683801412582397e-03 1.695410534739494324e-02
5.400000000000000000e+03 9.044085443019866943e-02 2.341189607977867126e-02 1.260888949036598206e-02 1.031935401260852814e-02 4.742679651826620102e-03 6.889966130256652832e-02 2.210504934191703796e-02 1.012627687305212021e-02 8.105839602649211884e-03 4.621868953108787537e-03 1.604837924242019653e-02
5.600000000000000000e+03 8.253677189350128174e-02 2.266507595777511597e-02 1.165901869535446167e-02 9.400453418493270874e-03 4.271826706826686859e-03 6.004487723112106323e-02 1.974235847592353821e-02 9.080540388822555542e-03 7.529254537075757980e-03 4.194066394120454788e-03 1.555840298533439636e-02
5.800000000000000000e+03 7.936584204435348511e-02 1.936375722289085388e-02 1.551543734967708588e-02 1.056649163365364075e-02 4.711185116320848465e-03 6.238958239555358887e-02 1.754014194011688232e-02 1.404639333486557007e-02 8.652858436107635498e-03 4.603730980306863785e-03 1.487184315919876099e-02
6.000000000000000000e+03 8.395718038082122803e-02 4.249266907572746277e-02 1.225714292377233505e-02 9.953691624104976654e-03 5.653555504977703094e-03 6.721946597099304199e-02 4.218050837516784668e-02 1.039029005914926529e-02 8.251152001321315765e-03 5.496418103575706482e-03 1.512541808187961578e-02
6.200000000000000000e+03 6.824742257595062256e-02 1.357690803706645966e-02 1.064510457217693329e-02 8.949054405093193054e-03 3.571871668100357056e-03 5.575230717658996582e-02 1.232218462973833084e-02 8.477149531245231628e-03 7.301381323486566544e-03 3.427594900131225586e-03 1.366915460675954819e-02
6.400000000000000000e+03 6.518251448869705200e-02 1.965106651186943054e-02 9.851982817053794861e-03 7.748769596219062805e-03 3.061356954276561737e-03 4.658165201544761658e-02 1.757127977907657623e-02 8.041780441999435425e-03 6.277445703744888306e-03 2.960503567010164261e-03 1.370090153068304062e-02
6.600000000000000000e+03 5.941816046833992004e-02 1.574249379336833954e-02 7.799347862601280212e-03 7.369187660515308380e-03 3.096948144957423210e-03 4.732089862227439880e-02 1.490256004035472870e-02 6.303696893155574799e-03 5.544692277908325195e-03 3.001546487212181091e-03 1.277711335569620132e-02
6.800000000000000000e+03 7.747119665145874023e-02 3.484870493412017822e-02 1.140036620199680328e-02 8.921350352466106415e-03 3.492755349725484848e-03 5.917560681700706482e-02 3.223634511232376099e-02 9.780755266547203064e-03 7.684130221605300903e-03 3.373884363099932671e-03 1.370175648480653763e-02
7.000000000000000000e+03 4.552055150270462036e-02 7.063388358801603317e-03 6.649827118963003159e-03 6.475664675235748291e-03 2.444245619699358940e-03 3.338951990008354187e-02 5.912167951464653015e-03 5.204644985496997833e-03 4.758163355290889740e-03 2.299024490639567375e-03 1.177191734313964844e-02
7.200000000000000000e+03 4.188574105501174927e-02 7.686909753829240799e-03 6.770662032067775726e-03 6.416514050215482712e-03 2.392288995906710625e-03 3.061980195343494415e-02 6.751955021172761917e-03 5.225820466876029968e-03 4.892283119261264801e-03 2.268976531922817230e-03 1.173125952482223511e-02
7.400000000000000000e+03 3.873375058174133301e-02 5.936838686466217041e-03 8.422830142080783844e-03 6.741959135979413986e-03 2.276722341775894165e-03 2.806250378489494324e-02 4.952080082148313522e-03 7.517404388636350632e-03 5.283988080918788910e-03 2.145942766219377518e-03 1.128927432000637054e-02
7.600000000000000000e+03 4.472649097442626953e-02 1.757126301527023315e-02 8.316082879900932312e-03 6.918378174304962158e-03 2.748186234384775162e-03 3.629985451698303223e-02 1.659018732607364655e-02 7.342841941863298416e-03 5.371802486479282379e-03 2.581105101853609085e-03 1.134669966995716095e-02
7.800000000000000000e+03 5.285783857107162476e-02 3.550928086042404175e-02 6.185185164213180542e-03 6.026883609592914581e-03 3.099097637459635735e-03 4.173192381858825684e-02 3.438525274395942688e-02 5.274668335914611816e-03 4.765127785503864288e-03 2.935967873781919479e-03 1.227353513240814209e-02
8.000000000000000000e+03 3.536564111709594727e-02 1.115908473730087280e-02 5.199286155402660370e-03 5.388687830418348312e-03 2.027205424383282661e-03 2.581125870347023010e-02 1.013968698680400848e-02 4.599850624799728394e-03 4.125501494854688644e-03 1.897373003885149956e-03 1.089004892855882645e-02
8.200000000000000000e+03 3.425668925046920776e-02 2.118203230202198029e-02 7.302081212401390076e-03 6.464717909693717957e-03 3.169964998960494995e-03 2.579302713274955750e-02 2.030555903911590576e-02 6.550843827426433563e-03 5.199305247515439987e-03 2.966211643069982529e-03 1.143948361277580261e-02
8.400000000000000000e+03 4.401677101850509644e-02 4.183350130915641785e-02 1.561727561056613922e-02 1.071269251406192780e-02 6.552189588546752930e-03 3.606003522872924805e-02 4.200511425733566284e-02 1.521572284400463104e-02 9.566152468323707581e-03 6.359405349940061569e-03 1.265999767929315567e-02
8.600000000000000000e+03 3.712289035320281982e-02 1.405261456966400146e-02 4.585960414260625839e-03 5.053476430475711823e-03 2.093238988891243935e-03 2.840100601315498352e-02 1.353513263165950775e-02 3.589617554098367691e-03 3.720618318766355515e-03 1.950245001353323460e-03 1.068961713463068008e-02
8.800000000000000000e+03 2.741255983710289001e-02 9.476410225033760071e-03 3.930151462554931641e-03 4.683389328420162201e-03 1.699135405942797661e-03 2.064098045229911804e-02 8.729603141546249390e-03 3.456912236288189888e-03 3.512659808620810509e-03 1.556888455525040627e-03 1.011270098388195038e-02
9.000000000000000000e+03 2.474791929125785828e-02 9.223359636962413788e-03 5.931381136178970337e-03 5.484732799232006073e-03 1.801356207579374313e-03 2.003356441855430603e-02 8.785247802734375000e-03 5.365613847970962524e-03 4.249677993357181549e-03 1.685053110122680664e-03 9.979713708162307739e-03
9.200000000000000000e+03 2.242377772927284241e-02 5.624678451567888260e-03 3.424637718126177788e-03 4.347578622400760651e-03 1.598143135197460651e-03 1.617873832583427429e-02 5.212767980992794037e-03 2.843261696398258209e-03 3.198108170181512833e-03 1.478686928749084473e-03 9.825377725064754486e-03
9.400000000000000000e+03 6.983143836259841919e-02 6.636206805706024170e-02 7.955410517752170563e-03 7.672764826565980911e-03 4.010064061731100082e-03 5.944803357124328613e-02 6.370804458856582642e-02 7.539168000221252441e-03 7.077839691191911697e-03 3.822435624897480011e-03 1.294918544590473175e-02
9.600000000000000000e+03 2.087097428739070892e-02 5.034317728132009506e-03 3.472653450444340706e-03 4.129787441343069077e-03 1.489263726398348808e-03 1.485165487974882126e-02 4.660338163375854492e-03 2.895773155614733696e-03 3.160807769745588303e-03 1.375710126012563705e-03 9.748825803399085999e-03
9.800000000000000000e+03 2.025703154504299164e-02 1.433119457215070724e-02 3.777021542191505432e-03 4.449603613466024399e-03 1.832137932069599628e-03 1.575136370956897736e-02 1.379923149943351746e-02 3.007879015058279037e-03 3.365985117852687836e-03 1.699189073406159878e-03 9.935334324836730957e-03
1.000000000000000000e+04 2.294993028044700623e-02 1.063335966318845749e-02 5.316518247127532959e-03 4.823603667318820953e-03 1.900192350149154663e-03 1.897378265857696533e-02 1.050312258303165436e-02 4.844693467020988464e-03 3.849642118439078331e-03 1.763283391483128071e-03 9.782786481082439423e-03
1.020000000000000000e+04 1.627729088068008423e-02 5.711022764444351196e-03 3.540127072483301163e-03 4.227153491228818893e-03 1.576633891090750694e-03 1.262095570564270020e-02 5.540908314287662506e-03 2.811108017340302467e-03 3.270914312452077866e-03 1.444035908207297325e-03 9.469675831496715546e-03
1.040000000000000000e+04 2.520208805799484253e-02 1.309468597173690796e-02 5.054268054664134979e-03 4.554202780127525330e-03 1.546244369819760323e-03 1.917418278753757477e-02 1.247964333742856979e-02 4.707564134150743484e-03 3.740431740880012512e-03 1.448142575100064278e-03 1.004884671419858932e-02
1.060000000000000000e+04 2.116787806153297424e-02 1.591262407600879669e-02 2.451555803418159485e-03 3.750706557184457779e-03 1.444456167519092560e-03 1.684176921844482422e-02 1.549376361072063446e-02 2.122793579474091530e-03 2.893265802413225174e-03 1.299149240367114544e-03 9.597444906830787659e-03
1.080000000000000000e+04 1.523096580058336258e-02 5.699592642486095428e-03 2.549565630033612251e-03 3.540775738656520844e-03 1.217730110511183739e-03 1.032494381070137024e-02 5.037661176174879074e-03 2.289374358952045441e-03 2.745352685451507568e-03 1.115911640226840973e-03 9.277440607547760010e-03
1.100000000000000000e+04 1.415090914815664291e-02 5.647626239806413651e-03 3.861108794808387756e-03 4.042904824018478394e-03 1.388107426464557648e-03 1.027811132371425629e-02 5.230307579040527344e-03 3.334239358082413673e-03 3.217353718355298042e-03 1.290797954425215721e-03 9.163561277091503143e-03
1.120000000000000000e+04 6.036539003252983093e-02 6.738711893558502197e-02 1.104441378265619278e-02 7.017452735453844070e-03 6.516433786600828171e-03 5.127424001693725586e-02 6.740275025367736816e-02 1.095050387084484100e-02 6.303613539785146713e-03 6.252356804907321930e-03 1.328646391630172729e-02
1.140000000000000000e+04 1.446277275681495667e-02 4.059480503201484680e-03 2.856377046555280685e-03 3.796068951487541199e-03 1.257630414329469204e-03 1.204591803252696991e-02 3.660202957689762115e-03 2.417096402496099472e-03 3.031345549970865250e-03 1.162090804427862167e-03 8.942641317844390869e-03
1.160000000000000000e+04 1.193407643586397171e-02 7.100551389157772064e-03 3.816535463556647301e-03 4.029109608381986618e-03 1.569280517287552357e-03 8.395637385547161102e-03 7.067115511745214462e-03 3.433649195358157158e-03 3.249753732234239578e-03 1.494441181421279907e-03 9.066092781722545624e-03
1.180000000000000000e+04 2.288049459457397461e-02 2.048724517226219177e-02 1.855607144534587860e-02 9.871683083474636078e-03 3.987459465861320496e-03 1.831190288066864014e-02 2.005429565906524658e-02 1.882021501660346985e-02 9.304173290729522705e-03 3.783197607845067978e-03 1.021431107074022293e-02
1.200000000000000000e+04 1.903439685702323914e-02 1.180837117135524750e-02 1.429700851440429688e-02 7.452841848134994507e-03 2.831596648320555687e-03 1.486983150243759155e-02 1.175071857869625092e-02 1.394512597471475601e-02 6.748665124177932739e-03 2.691069152206182480e-03 9.776683524250984192e-03
1.220000000000000000e+04 1.298320572823286057e-02 6.881307810544967651e-03 2.296088030561804771e-03 3.341339761391282082e-03 1.152096898294985294e-03 9.512658230960369110e-03 6.300149019807577133e-03 2.008579671382904053e-03 2.559029264375567436e-03 1.076952787116169930e-03 8.916734717786312103e-03
1.240000000000000000e+04 1.850686781108379364e-02 2.497125044465065002e-02 1.115355268120765686e-02 7.670251186937093735e-03 3.824399551376700401e-03 1.593950390815734863e-02 2.539946883916854858e-02 1.159502752125263214e-02 7.224735803902149200e-03 3.669710364192724228e-03 1.023153588175773621e-02
1.260000000000000000e+04 1.540022715926170349e-02 1.016866602003574371e-02 1.939059817232191563e-03 3.192108590155839920e-03 1.131278229877352715e-03 1.400575134903192520e-02 9.973942302167415619e-03 1.685205148532986641e-03 2.230671001598238945e-03 1.021798816509544849e-03 8.773429319262504578e-03
1.280000000000000000e+04 2.713785879313945770e-02 1.290955580770969391e-02 7.618009112775325775e-03 5.074589978903532028e-03 1.951610436663031578e-03 2.715256623923778534e-02 1.274992804974317551e-02 7.226274348795413971e-03 4.338100086897611618e-03 1.845205668359994888e-03 9.316197596490383148e-03
1.300000000000000000e+04 9.688865393400192261e-03 9.682413190603256226e-03 1.549369655549526215e-02 7.879959419369697571e-03 2.112414455041289330e-03 7.792956195771694183e-03 9.749675169587135315e-03 1.528403721749782562e-02 7.243745960295200348e-03 1.978141954168677330e-03 9.138700552284717560e-03
1.320000000000000000e+04 1.003044098615646362e-02 8.757991716265678406e-03 2.953878836706280708e-03 3.340642433613538742e-03 1.067839330062270164e-03 7.223063148558139801e-03 8.695755153894424438e-03 2.764988690614700317e-03 2.748659811913967133e-03 9.980895556509494781e-04 8.843369781970977783e-03
1.340000000000000000e+04 2.552444115281105042e-02 3.437250480055809021e-02 2.062778174877166748e-02 1.139103062450885773e-02 4.976030904799699783e-03 2.411343343555927277e-02 3.334278240799903870e-02 2.046146616339683533e-02 1.080792024731636047e-02 4.733275622129440308e-03 1.069213636219501495e-02
1.360000000000000000e+04 1.122088637202978134e-02 5.094575695693492889e-03 1.812438480556011200e-03 2.841738052666187286e-03 9.321229299530386925e-04 7.485740352421998978e-03 4.317863844335079193e-03 1.674218801781535149e-03 2.256197156384587288e-03 8.626491762697696686e-04 8.611322380602359772e-03
1.380000000000000000e+04 1.732453703880310059e-02 1.124013867229223251e-02 2.152813132852315903e-03 2.988841617479920387e-03 1.052350737154483795e-03 1.385664008557796478e-02 1.104128453880548477e-02 2.004796871915459633e-03 2.278136089444160461e-03 9.868082124739885330e-04 8.922087959945201874e-03
1.400000000000000000e+04 1.232798676937818527e-02 1.205165684223175049e-02 2.364582847803831100e-03 3.315498121082782745e-03 1.428860938176512718e-03 9.966202080249786377e-03 1.154009345918893814e-02 2.582327229902148247e-03 2.838771557435393333e-03 1.338937785476446152e-03 8.852539584040641785e-03
1.420000000000000000e+04 8.998908102512359619e-03 7.731761783361434937e-03 1.681948895566165447e-03 2.791615203022956848e-03 9.762914851307868958e-04 7.304144557565450668e-03 7.394405081868171692e-03 1.522182021290063858e-03 2.165531506761908531e-03 8.939382387325167656e-04 8.401028811931610107e-03
1.440000000000000000e+04 6.589354015886783600e-03 3.500143531709909439e-03 2.313931938260793686e-03 3.012198721989989281e-03 1.022463198751211166e-03 4.593204706907272339e-03 3.168452065438032150e-03 2.293948549777269363e-03 2.478933427482843399e-03 9.417026303708553314e-04 8.304280228912830353e-03
1.460000000000000000e+04 1.329060923308134079e-02 5.856304615736007690e-02 1.890305802226066589e-02 1.189097110182046890e-02 6.476288661360740662e-03 1.079395040869712830e-02 5.977608263492584229e-02 1.937219128012657166e-02 1.168542262166738510e-02 6.325109396129846573e-03 1.209692377597093582e-02
1.480000000000000000e+04 7.773610297590494156e-03 4.443308338522911072e-03 2.975913230329751968e-03 3.239265643060207367e-03 1.141617423854768276e-03 5.963966250419616699e-03 4.126135725528001785e-03 2.958269789814949036e-03 2.899898216128349304e-03 1.038262853398919106e-03 8.289258927106857300e-03
1.500000000000000000e+04 6.548810750246047974e-03 3.993581049144268036e-03 1.532317721284925938e-03 2.544655930250883102e-03 9.120238246396183968e-04 4.335869103670120239e-03 3.726898925378918648e-03 1.326608471572399139e-03 1.945680472999811172e-03 8.587896591052412987e-04 8.197024464607238770e-03
1.520000000000000000e+04 6.751115433871746063e-03 4.826028365641832352e-03 1.888053026050329208e-03 2.756469650194048882e-03 8.426710264757275581e-04 5.082856863737106323e-03 4.317888990044593811e-03 1.612568506971001625e-03 2.124760765582323074e-03 7.700627902522683144e-04 8.133528754115104675e-03
1.540000000000000000e+04 9.214675053954124451e-03 4.950662609189748764e-03 1.584692741744220257e-03 2.489075530320405960e-03 9.227046393789350986e-04 7.916649803519248962e-03 4.626964218914508820e-03 1.255830866284668446e-03 1.913347747176885605e-03 8.504434954375028610e-04 8.051383309066295624e-03
1.560000000000000000e+04 1.431363727897405624e-02 9.250021539628505707e-03 3.002320649102330208e-03 3.317467868328094482e-03 9.666007244959473610e-04 1.107886526733636856e-02 8.706312626600265503e-03 2.647248096764087677e-03 2.902246080338954926e-03 9.093440603464841843e-04 8.576577529311180115e-03
1.580000000000000000e+04 1.272265054285526276e-02 1.159552298486232758e-02 3.998097497969865799e-03 3.294713329523801804e-03 1.002630335278809071e-03 1.229905430227518082e-02 1.151367090642452240e-02 4.008565563708543777e-03 2.712977118790149689e-03 9.326598374173045158e-04 8.203715085983276367e-03
1.600000000000000000e+04 4.691447596997022629e-03 2.918091369792819023e-03 2.218892332166433334e-03 2.723211189731955528e-03 9.222282678820192814e-04 3.416205290704965591e-03 2.727151149883866310e-03 2.175068017095327377e-03 2.327134367078542709e-03 8.447576547041535378e-04 7.910525426268577576e-03
1.620000000000000000e+04 5.802058149129152298e-03 5.145794712007045746e-03 1.705253031104803085e-03 2.705935388803482056e-03 1.091959886252880096e-03 4.848022013902664185e-03 4.902155138552188873e-03 1.602347358129918575e-03 2.277198946103453636e-03 9.817130630835890770e-04 7.919805124402046204e-03
1.640000000000000000e+04 1.133974175900220871e-02 7.309001870453357697e-03 5.823714192956686020e-03 3.937369212508201599e-03 1.274569309316575527e-03 8.930497802793979645e-03 6.971356458961963654e-03 5.273767746984958649e-03 3.443863708525896072e-03 1.199765596538782120e-03 8.487631566822528839e-03
1.660000000000000000e+04 1.574991643428802490e-02 1.847393810749053955e-02 1.672839978709816933e-03 3.008738392964005470e-03 1.427405746653676033e-03 1.595154404640197754e-02 1.860286295413970947e-02 1.476940931752324104e-03 2.453158842399716377e-03 1.351254060864448547e-03 8.729803375899791718e-03
1.680000000000000000e+04 6.090287119150161743e-03 3.980898298323154449e-03 5.591977387666702271e-03 3.870392218232154846e-03 1.173010794445872307e-03 5.193432793021202087e-03 3.652699291706085205e-03 5.553330760449171066e-03 3.255506046116352081e-03 1.098242588341236115e-03 7.891548797488212585e-03
1.700000000000000000e+04 5.244203377515077591e-03 5.433479789644479752e-03 5.030604545027017593e-03 3.718564752489328384e-03 1.318678841926157475e-03 3.829742316156625748e-03 5.398111417889595032e-03 4.900201689451932907e-03 3.443973604589700699e-03 1.236284617334604263e-03 8.173993788659572601e-03
1.720000000000000000e+04 9.756760671734809875e-03 1.678341254591941833e-02 1.442266255617141724e-02 8.087681606411933899e-03 3.135778009891510010e-03 8.533522486686706543e-03 1.658457890152931213e-02 1.446338370442390442e-02 7.724490016698837280e-03 3.004075959324836731e-03 9.102286770939826965e-03
1.740000000000000000e+04 1.084779575467109680e-02 3.179875668138265610e-03 2.641681581735610962e-03 2.409928478300571442e-03 7.514220196753740311e-04 8.305497467517852783e-03 2.964830491691827774e-03 2.447829581797122955e-03 2.087322762235999107e-03 6.759883835911750793e-04 8.080150000751018524e-03
1.760000000000000000e+04 4.924692213535308838e-03 4.448652267456054688e-03 1.500937039963901043e-03 2.322305226698517799e-03 8.834718610160052776e-04 3.500647377222776413e-03 4.562700167298316956e-03 1.379680354148149490e-03 1.927105477079749107e-03 7.884962251409888268e-04 7.822143845260143280e-03
1.780000000000000000e+04 1.135344989597797394e-02 1.411862298846244812e-02 1.202949904836714268e-03 2.312393393367528915e-03 9.127387311309576035e-04 9.791143238544464111e-03 1.425291225314140320e-02 1.024901284836232662e-03 1.926696277223527431e-03 8.197993738576769829e-04 8.258504793047904968e-03
1.800000000000000000e+04 1.093450374901294708e-02 5.207656882703304291e-03 1.638037385419011116e-03 2.250173594802618027e-03 7.252916693687438965e-04 8.203214034438133240e-03 4.777485504746437073e-03 1.686501782387495041e-03 1.986429793760180473e-03 6.490980158559978008e-04 8.011376485228538513e-03
1.820000000000000000e+04 2.136559039354324341e-02 2.859629504382610321e-02 8.776560425758361816e-03 5.807034671306610107e-03 3.033252898603677750e-03 2.089934423565864563e-02 2.840260975062847137e-02 8.953021839261054993e-03 5.852904636412858963e-03 2.834810642525553703e-03 9.396679699420928955e-03
1.840000000000000000e+04 6.492316722869873047e-03 6.167084444314241409e-03 2.307204995304346085e-03 2.726277336478233337e-03 8.635348640382289886e-04 6.206718739122152328e-03 5.846122279763221741e-03 1.861146185547113419e-03 2.180645242333412170e-03 7.899521151557564735e-04 7.611676119267940521e-03
1.860000000000000000e+04 5.973703693598508835e-03 4.132435191422700882e-03 1.025568693876266479e-02 5.134407430887222290e-03 1.308861770667135715e-03 4.396445583552122116e-03 3.861130215227603912e-03 1.032136846333742142e-02 4.829995334148406982e-03 1.205905107781291008e-03 7.913367822766304016e-03
1.880000000000000000e+04 9.991949424147605896e-03 1.052575465291738510e-02 2.066726796329021454e-03 2.576163737103343010e-03 1.102742040529847145e-03 9.116065688431262970e-03 1.009286008775234222e-02 2.137231640517711639e-03 2.181269461289048195e-03 1.020587282255291939e-03 7.852549664676189423e-03
1.900000000000000000e+04 4.185277037322521210e-03 2.427051775157451630e-03 1.044882810674607754e-03 2.055644989013671875e-03 6.771598127670586109e-04 3.276400035247206688e-03 2.217388944700360298e-03 8.428678847849369049e-04 1.690866076387465000e-03 6.082840263843536377e-04 7.323870901018381119e-03
1.920000000000000000e+04 2.796218544244766235e-02 2.241559140384197235e-02 2.001430839300155640e-02 8.819941431283950806e-03 3.153842408210039139e-03 2.636081725358963013e-02 2.219582349061965942e-02 1.927650347352027893e-02 8.357307873666286469e-03 3.013362176716327667e-03 9.605484083294868469e-03
1.940000000000000000e+04 1.056788675487041473e-02 8.469207212328910828e-03 3.781837411224842072e-03 3.488750662654638290e-03 1.437170663848519325e-03 1.024885848164558411e-02 8.492228575050830841e-03 3.639568807557225227e-03 2.955696545541286469e-03 1.362140756100416183e-03 7.877847179770469666e-03
1.960000000000000000e+04 3.727157041430473328e-02 4.893946275115013123e-02 1.353473775088787079e-02 8.600814267992973328e-03 4.276559688150882721e-03 3.694896399974822998e-02 4.883860424160957336e-02 1.353758759796619415e-02 8.006528019905090332e-03 4.071686882525682449e-03 9.988423436880111694e-03
1.980000000000000000e+04 3.687429940328001976e-03 1.603642944246530533e-03 9.783523855730891228e-04 1.959510147571563721e-03 6.545343203470110893e-04 3.022124059498310089e-03 1.422904664650559425e-03 8.373876335099339485e-04 1.579857547767460346e-03 5.916429799981415272e-04 7.152458652853965759e-03
2.000000000000000000e+04 1.021752320230007172e-02 1.335213426500558853e-02 2.492594067007303238e-03 2.905413275584578514e-03 1.457277568988502026e-03 9.897680021822452545e-03 1.307761296629905701e-02 2.578960731625556946e-03 2.449325285851955414e-03 1.419715117663145065e-03 8.179662749171257019e-03
2.020000000000000000e+04 3.895164001733064651e-03 3.282300196588039398e-03 1.274786074645817280e-03 2.173175569623708725e-03 8.306667441502213478e-04 2.989119850099086761e-03 3.081680275499820709e-03 1.335250213742256165e-03 1.810556510463356972e-03 7.618064410053193569e-04 7.346985861659049988e-03
2.040000000000000000e+04 3.185928566381335258e-03 2.039686776697635651e-03 1.128107542172074318e-03 2.056147670373320580e-03 7.237010868266224861e-04 2.240179572254419327e-03 1.663428498432040215e-03 1.095318235456943512e-03 1.583494246006011963e-03 6.425924366340041161e-04 7.165324408560991287e-03
2.060000000000000000e+04 4.404122475534677505e-03 3.213815391063690186e-03 1.234099501743912697e-03 2.009331947192549706e-03 6.464426405727863312e-04 3.356277011334896088e-03 2.985519124194979668e-03 1.205596141517162323e-03 1.685213646851480007e-03 5.710214609280228615e-04 7.366745267063379288e-03
2.080000000000000000e+04 2.067094855010509491e-02 9.872222319245338440e-03 7.364282384514808655e-03 3.875323105603456497e-03 1.004983903840184212e-03 2.135774679481983185e-02 9.204946458339691162e-03 7.280793040990829468e-03 3.581351600587368011e-03 9.364322177134454250e-04 7.802829146385192871e-03
2.100000000000000000e+04 6.304575130343437195e-03 6.056169979274272919e-03 1.511942129582166672e-03 2.007818315178155899e-03 7.222636486403644085e-04 6.514123175293207169e-03 5.867058411240577698e-03 1.336625777184963226e-03 1.661316957324743271e-03 6.580054759979248047e-04 7.263769395649433136e-03
2.120000000000000000e+04 8.882978931069374084e-03 1.155534759163856506e-02 3.016192000359296799e-03 2.909220056608319283e-03 1.194892916828393936e-03 8.289588615298271179e-03 1.102969888597726822e-02 3.150264499709010124e-03 2.552486257627606392e-03 1.094707986339926720e-03 7.553961593657732010e-03
2.140000000000000000e+04 9.388944134116172791e-03 5.168328993022441864e-03 1.240200130268931389e-03 1.854379428550601006e-03 6.597301689907908440e-04 7.527703419327735901e-03 5.027825478464365005e-03 1.180263934656977654e-03 1.535258954390883446e-03 5.894275964237749577e-04 7.504026405513286591e-03
2.160000000000000000e+04 2.483522286638617516e-03 1.311647356487810612e-03 8.886584546416997910e-04 1.841012621298432350e-03 5.986516480334103107e-04 1.882677432149648666e-03 1.102767186239361763e-03 7.943387608975172043e-04 1.358669484034180641e-03 5.450868047773838043e-04 6.916866172105073929e-03
2.180000000000000000e+04 1.032951381057500839e-02 5.719735752791166306e-03 1.479212194681167603e-03 1.999050378799438477e-03 7.036462775431573391e-04 9.068040177226066589e-03 5.306764971464872360e-03 1.378642744384706020e-03 1.645802985876798630e-03 6.417083786800503731e-04 7.466683164238929749e-03
2.200000000000000000e+04 3.889387706294655800e-03 5.684029310941696167e-03 1.978709362447261810e-03 2.198578556999564171e-03 6.378224934451282024e-04 2.972431946545839310e-03 5.478763952851295471e-03 1.674467115662992001e-03 1.868753228336572647e-03 5.769679555669426918e-04 7.339079398661851883e-03
2.220000000000000000e+04 3.442320507019758224e-03 2.861494431272149086e-03 4.603010602295398712e-03 3.288330743089318275e-03 1.074212486855685711e-03 2.951235976070165634e-03 2.786929253488779068e-03 4.314163699746131897e-03 2.933293813839554787e-03 9.919531876221299171e-04 7.138714659959077835e-03
2.240000000000000000e+04 6.869256030768156052e-03 5.332992412149906158e-03 4.456313326954841614e-03 2.985559869557619095e-03 1.044884324073791504e-03 5.784820299595594406e-03 5.284196697175502777e-03 4.745945800095796585e-03 2.669235691428184509e-03 9.601659839972853661e-04 7.273167837411165237e-03
2.260000000000000000e+04 3.123906673863530159e-03 4.704398568719625473e-03 9.546647779643535614e-04 1.729072537273168564e-03 7.458569016307592392e-04 2.341002458706498146e-03 4.425800405442714691e-03 9.239102364517748356e-04 1.430685631930828094e-03 6.962962797842919827e-04 7.223403081297874451e-03
2.280000000000000000e+04 3.904338693246245384e-03 4.022096749395132065e-03 8.914532954804599285e-04 1.712753204628825188e-03 6.842227303422987461e-04 2.784393960610032082e-03 3.666770411655306816e-03 7.092173327691853046e-04 1.370082260109484196e-03 6.278858054429292679e-04 7.001245394349098206e-03
2.300000000000000000e+04 2.791653387248516083e-03 2.106390893459320068e-03 7.403648924082517624e-04 1.704381778836250305e-03 6.160746561363339424e-04 1.963098300620913506e-03 2.009898656979203224e-03 6.802050629630684853e-04 1.328304177150130272e-03 5.616795970126986504e-04 6.857599131762981415e-03
2.320000000000000000e+04 5.104498937726020813e-03 4.190216306596994400e-03 2.989046741276979446e-03 2.403649501502513885e-03 7.437120657414197922e-04 3.871979191899299622e-03 3.823047038167715073e-03 2.689210930839180946e-03 2.066906774416565895e-03 6.891585071571171284e-04 7.113585714250802994e-03
2.340000000000000000e+04 1.497739367187023163e-02 1.952507719397544861e-02 8.304234594106674194e-03 5.609407555311918259e-03 2.303957007825374603e-03 1.338508538901805878e-02 1.853729411959648132e-02 8.556372486054897308e-03 5.484029650688171387e-03 2.202826086431741714e-03 8.373584598302841187e-03
2.360000000000000000e+04 4.132687114179134369e-03 3.314448054879903793e-03 2.677216194570064545e-03 2.576344646513462067e-03 8.763216319493949413e-04 3.942158073186874390e-03 3.254220355302095413e-03 2.731034997850656509e-03 2.337154932320117950e-03 7.920342031866312027e-04 6.938196718692779541e-03
2.380000000000000000e+04 2.988468157127499580e-03 2.497274894267320633e-03 9.992200648412108421e-04 1.855244161561131477e-03 6.697168573737144470e-04 2.459296025335788727e-03 2.485461533069610596e-03 7.373082917183637619e-04 1.505764550529420376e-03 6.035598344169557095e-04 6.841169670224189758e-03
2.400000000000000000e+04 4.322392866015434265e-03 4.011900164186954498e-03 9.107605437748134136e-04 1.645964453928172588e-03 5.968370242044329643e-04 3.923535346984863281e-03 3.687542863190174103e-03 7.790501695126295090e-04 1.364770112559199333e-03 5.520484410226345062e-04 6.986383348703384399e-03
2.420000000000000000e+04 1.706947758793830872e-02 2.265802584588527679e-02 4.047488328069448471e-03 3.662196919322013855e-03 2.036586636677384377e-03 1.710215024650096893e-02 2.248098142445087433e-02 4.040113650262355804e-03 3.386259311810135841e-03 1.935479696840047836e-03 8.116876706480979919e-03
2.440000000000000000e+04 3.199549624696373940e-03 3.302638418972492218e-03 1.367817865684628487e-03 1.917121117003262043e-03 7.784250192344188690e-04 2.628787886351346970e-03 2.976893913000822067e-03 1.520032994449138641e-03 1.693508820608258247e-03 7.068363483995199203e-04 6.790611427277326584e-03
2.460000000000000000e+04 6.993868388235569000e-03 8.095827884972095490e-03 2.756054978817701340e-03 2.632143907248973846e-03 1.128601841628551483e-03 6.527599878609180450e-03 7.990850135684013367e-03 2.559849759563803673e-03 2.308408264070749283e-03 1.036264002323150635e-03 7.234186399728059769e-03
2.480000000000000000e+04 2.367055742070078850e-03 1.861633034422993660e-03 2.139630727469921112e-03 2.142892219126224518e-03 7.259527337737381458e-04 2.235311083495616913e-03 1.681826543062925339e-03 2.166407648473978043e-03 1.788510358892381191e-03 6.725821876898407936e-04 6.675720680505037308e-03
2.500000000000000000e+04 1.843862934038043022e-03 8.962397696450352669e-04 7.308452622964978218e-04 1.549047767184674740e-03 5.319199990481138229e-04 1.495613483712077141e-03 7.293591042980551720e-04 6.103700725361704826e-04 1.285650883801281452e-03 4.805600910913199186e-04 6.545940879732370377e-03
2.520000000000000000e+04 2.714741043746471405e-03 1.442913082428276539e-03 7.432898273691534996e-04 1.540008583106100559e-03 5.282488418743014336e-04 1.901688054203987122e-03 1.324596116319298744e-03 8.054708014242351055e-04 1.296135829761624336e-03 4.809101228602230549e-04 6.657603662461042404e-03
2.540000000000000000e+04 2.041310304775834084e-03 1.771949464455246925e-03 2.579956315457820892e-03 2.394233830273151398e-03 7.090928265824913979e-04 1.755998120643198490e-03 1.712460536509752274e-03 2.909663133323192596e-03 2.328920643776655197e-03 6.324687274172902107e-04 6.626515649259090424e-03
2.560000000000000000e+04 1.929706893861293793e-03 1.214555813930928707e-03 7.948372513055801392e-04 1.503598410636186600e-03 5.254924180917441845e-04 1.476927311159670353e-03 1.046256162226200104e-03 7.181572145782411098e-04 1.262472709640860558e-03 4.791435494553297758e-04 6.482128519564867020e-03
2.580000000000000000e+04 2.650181995704770088e-03 1.965742325410246849e-03 7.051065331324934959e-04 1.484819455072283745e-03 5.240953178144991398e-04 2.500554546713829041e-03 1.907510217279195786e-03 5.995422834530472755e-04 1.178435748443007469e-03 4.687577311415225267e-04 6.500351242721080780e-03
2.600000000000000000e+04 4.821018781512975693e-03 2.385274972766637802e-03 2.250673016533255577e-03 2.081945538520812988e-03 6.323900888673961163e-04 3.936438821256160736e-03 2.379018580541014671e-03 2.591534284874796867e-03 1.828921376727521420e-03 5.785008543170988560e-04 6.766582839190959930e-03
2.620000000000000000e+04 2.124151680618524551e-03 1.838924945332109928e-03 7.442738860845565796e-04 1.513913273811340332e-03 5.473153432831168175e-04 1.530631911009550095e-03 1.674777595326304436e-03 7.772094104439020157e-04 1.315236091613769531e-03 4.845325311180204153e-04 6.495449692010879517e-03
2.640000000000000000e+04 6.097118370234966278e-03 7.350124418735504150e-03 2.338695805519819260e-03 2.314149402081966400e-03 8.873232291080057621e-04 5.360384471714496613e-03 6.572650745511054993e-03 2.437622752040624619e-03 2.023712266236543655e-03 7.974746986292302608e-04 6.813801825046539307e-03
2.660000000000000000e+04 4.388192668557167053e-03 2.189470920711755753e-03 8.116341196000576019e-04 1.384376897476613522e-03 5.446776049211621284e-04 4.350436851382255554e-03 2.144235651940107346e-03 8.812107844278216362e-04 1.118040177971124649e-03 4.917525802738964558e-04 6.420893128961324692e-03
2.680000000000000000e+04 1.962740672752261162e-03 1.638035406358540058e-03 7.130915764719247818e-04 1.422202331013977528e-03 5.660782335326075554e-04 1.649808371439576149e-03 1.556962262839078903e-03 7.046522805467247963e-04 1.098662498407065868e-03 5.286881932988762856e-04 6.337454542517662048e-03
2.700000000000000000e+04 1.833776128478348255e-03 9.363194112665951252e-04 6.332100601866841316e-04 1.405774848535656929e-03 4.950006259605288506e-04 1.311949687078595161e-03 7.571495370939373970e-04 5.954043008387088776e-04 1.126161892898380756e-03 4.418676253408193588e-04 6.274399813264608383e-03
2.720000000000000000e+04 2.281221095472574234e-03 2.396000549197196960e-03 1.697878818958997726e-03 2.044241642579436302e-03 6.750684115104377270e-04 1.779940561391413212e-03 2.315626479685306549e-03 1.734249526634812355e-03 1.677350606769323349e-03 6.267041899263858795e-04 6.467065773904323578e-03
2.740000000000000000e+04 4.778972826898097992e-03 5.419306457042694092e-03 1.177501515485346317e-03 1.749020884744822979e-03 6.136277224868535995e-04 3.981687594205141068e-03 5.284957587718963623e-03 1.126749441027641296e-03 1.531309681013226509e-03 5.652898689731955528e-04 6.739111617207527161e-03
2.760000000000000000e+04 2.907607238739728928e-03 2.998278010636568069e-03 1.015294110402464867e-03 1.541049219667911530e-03 6.065127090550959110e-04 2.774843946099281311e-03 2.921980805695056915e-03 9.048307547345757484e-04 1.267516054213047028e-03 5.612788372673094273e-04 6.412602495402097702e-03
2.780000000000000000e+04 3.625167533755302429e-03 1.844659447669982910e-03 9.313925402238965034e-04 1.434082398191094398e-03 5.557411932386457920e-04 3.572752466425299644e-03 1.652374514378607273e-03 8.059050305746495724e-04 1.168603310361504555e-03 4.920064238831400871e-04 6.330437492579221725e-03
2.800000000000000000e+04 6.851433776319026947e-03 8.299199864268302917e-03 1.183717045933008194e-03 1.795574324205517769e-03 8.779029594734311104e-04 5.719250068068504333e-03 7.876263931393623352e-03 1.031727530062198639e-03 1.591227715834975243e-03 8.325650123879313469e-04 6.889799609780311584e-03
2.820000000000000000e+04 1.730800373479723930e-03 8.544146548956632614e-04 7.443878566846251488e-04 1.351831946521997452e-03 4.855954030063003302e-04 1.298745395615696907e-03 6.921024760231375694e-04 5.549817578867077827e-04 1.079775742255151272e-03 4.337201826274394989e-04 6.111817434430122375e-03
2.840000000000000000e+04 2.263249363750219345e-03 1.368403667584061623e-03 6.291796453297138214e-04 1.340250251814723015e-03 4.674420924857258797e-04 1.959960209205746651e-03 1.287131803110241890e-03 5.871180910617113113e-04 1.000738935545086861e-03 4.269402415957301855e-04 6.134112831205129623e-03
2.860000000000000000e+04 1.932717859745025635e-03 9.960753377526998520e-04 6.475638365373015404e-04 1.317346235737204552e-03 4.660796548705548048e-04 1.307881204411387444e-03 9.072844986803829670e-04 5.730355042032897472e-04 1.188084832392632961e-03 4.242621362209320068e-04 6.199390627443790436e-03
2.880000000000000000e+04 7.833680137991905212e-03 8.794080466032028198e-03 8.259307360276579857e-04 1.550552900880575180e-03 7.254843949340283871e-04 8.085251785814762115e-03 8.918390609323978424e-03 7.715223473496735096e-04 1.178237260319292545e-03 6.635476020164787769e-04 6.550057325512170792e-03
2.900000000000000000e+04 2.575595164671540260e-03 3.936608787626028061e-03 7.554057519882917404e-04 1.399383181706070900e-03 6.176268216222524643e-04 1.739933504723012447e-03 3.930228296667337418e-03 7.363405893556773663e-04 1.148283714428544044e-03 5.622315220534801483e-04 6.275791209191083908e-03
2.920000000000000000e+04 1.864227349869906902e-03 1.255179638974368572e-03 1.672149519436061382e-03 1.613601925782859325e-03 5.255101132206618786e-04 1.388038625009357929e-03 1.087094540707767010e-03 1.460981555283069611e-03 1.267225481569766998e-03 4.668223846238106489e-04 6.023334339261054993e-03
2.940000000000000000e+04 2.465887693688273430e-03 2.661994192749261856e-03 6.247818237170577049e-04 1.317592104896903038e-03 4.818923771381378174e-04 2.091299276798963547e-03 2.549285534769296646e-03 4.830768448300659657e-04 1.035506837069988251e-03 4.514631000347435474e-04 6.126115564256906509e-03
2.960000000000000000e+04 4.685090854763984680e-03 4.382355138659477234e-03 6.186488899402320385e-04 1.334163825958967209e-03 5.217236466705799103e-04 4.734652116894721985e-03 4.007979296147823334e-03 5.445813876576721668e-04 9.708423167467117310e-04 4.735296533908694983e-04 6.224287673830986023e-03
2.980000000000000000e+04 2.513386309146881104e-03 2.192286308854818344e-03 1.122200512327253819e-03 1.561246113851666451e-03 5.743878427892923355e-04 1.964642433449625969e-03 2.091285074129700661e-03 1.120248227380216122e-03 1.177422120235860348e-03 5.129749188199639320e-04 6.097108591347932816e-03
3.000000000000000000e+04 2.748065162450075150e-03 2.529634628444910049e-03 1.491585047915577888e-03 1.664913259446620941e-03 5.866810679435729980e-04 2.459513954818248749e-03 2.347362227737903595e-03 1.347249606624245644e-03 1.451856573112308979e-03 5.399420624598860741e-04 6.115270312875509262e-03
3.020000000000000000e+04 1.868730178102850914e-03 8.099983679130673409e-04 7.309734355658292770e-04 1.277806470170617104e-03 4.442842619027942419e-04 1.280927681364119053e-03 7.028015679679811001e-04 7.198329549282789230e-04 1.101276837289333344e-03 3.876565606333315372e-04 6.044822279363870621e-03
3.040000000000000000e+04 3.279263386502861977e-03 1.776102930307388306e-03 9.157724562101066113e-04 1.369880512356758118e-03 4.844848881475627422e-04 3.167076501995325089e-03 1.647615572437644005e-03 7.837867597118020058e-04 1.153645105659961700e-03 4.329979419708251953e-04 5.974809173494577408e-03
3.060000000000000000e+04 1.732132164761424065e-03 1.053256215527653694e-03 8.580783614888787270e-04 1.332437503151595592e-03 4.629220347851514816e-04 1.603099168278276920e-03 1.083315233699977398e-03 7.846686639823019505e-04 1.149110263213515282e-03 4.024641821160912514e-04 5.961168091744184494e-03
3.080000000000000000e+04 1.662388793192803860e-03 1.095633488148450851e-03 9.064264595508575439e-04 1.314889406785368919e-03 4.340206505730748177e-04 1.466639107093214989e-03 1.002744771540164948e-03 9.016147814691066742e-04 1.096693915314972401e-03 3.918963484466075897e-04 5.984889809042215347e-03
3.100000000000000000e+04 2.317850710824131966e-03 1.822333899326622486e-03 1.605062978342175484e-03 1.607394078746438026e-03 4.865835944656282663e-04 2.420244272798299789e-03 1.540274126455187798e-03 1.699975226074457169e-03 1.376916072331368923e-03 4.372737603262066841e-04 5.909243598580360413e-03
3.120000000000000000e+04 1.460069557651877403e-03 1.178334932774305344e-03 8.231020183302462101e-04 1.298641320317983627e-03 4.577844520099461079e-04 1.127830240875482559e-03 9.606087114661931992e-04 7.709483616054058075e-04 9.743560221977531910e-04 4.108054854441434145e-04 5.808174144476652145e-03
3.140000000000000000e+04 2.911495044827461243e-03 1.682586967945098877e-03 5.133906379342079163e-04 1.201538369059562683e-03 4.112409660592675209e-04 2.806236967444419861e-03 1.509704045020043850e-03 4.408656968735158443e-04 9.192294673994183540e-04 3.762231499422341585e-04 5.807899404317140579e-03
3.160000000000000000e+04 2.019156236201524734e-03 8.631645468994975090e-04 5.919473478570580482e-04 1.172840478830039501e-03 4.013113793917000294e-04 1.296242466196417809e-03 7.163957925513386726e-04 4.463367513380944729e-04 9.699470247142016888e-04 3.664085525088012218e-04 5.806755740195512772e-03
3.180000000000000000e+04 2.800592686980962753e-03 1.267598709091544151e-03 7.436152664013206959e-04 1.252783462405204773e-03 4.523983225226402283e-04 2.504924777895212173e-03 1.109182601794600487e-03 7.135117775760591030e-04 1.032475847750902176e-03 4.136179341003298759e-04 5.830883514136075974e-03
3.200000000000000000e+04 2.831317018717527390e-03 8.629655931144952774e-04 6.197327165864408016e-04 1.213860930874943733e-03 4.072384908795356750e-04 1.927799195982515812e-03 7.715900428593158722e-04 5.857386277057230473e-04 9.129446698352694511e-04 3.596662136260420084e-04 5.792711861431598663e-03
3.220000000000000000e+04 3.442284185439348221e-03 4.166400060057640076e-03 8.048780728131532669e-04 1.303250784985721111e-03 5.132257938385009766e-04 3.189099254086613655e-03 4.159292206168174744e-03 7.065935060381889343e-04 1.072317594662308693e-03 4.567749565467238426e-04 5.864819977432489395e-03
3.240000000000000000e+04 1.402895199134945869e-03 8.541014976799488068e-04 6.181414937600493431e-04 1.159088802523910999e-03 4.066113033331930637e-04 1.038751564919948578e-03 7.531349547207355499e-04 5.322002107277512550e-04 9.590513072907924652e-04 3.524059429764747620e-04 5.700608249753713608e-03
3.260000000000000000e+04 1.480807550251483917e-03 7.621638942509889603e-04 6.238215137273073196e-04 1.196095487102866173e-03 3.997157036792486906e-04 9.752823971211910248e-04 5.934849032200872898e-04 5.669284146279096603e-04 1.001053838990628719e-03 3.535227733664214611e-04 5.726713221520185471e-03
3.280000000000000000e+04 3.111449070274829865e-03 1.933955587446689606e-03 1.669188612140715122e-03 1.643689814954996109e-03 6.008363561704754829e-04 2.831178950145840645e-03 1.771751325577497482e-03 2.023624256253242493e-03 1.336767920292913914e-03 5.456865765154361725e-04 5.830844864249229431e-03
3.300000000000000000e+04 2.541214926168322563e-03 2.416655886918306351e-03 5.387582932598888874e-04 1.125987386330962181e-03 4.028734401799738407e-04 2.207024954259395599e-03 2.363233827054500580e-03 6.064510671421885490e-04 9.069126099348068237e-04 3.544984501786530018e-04 5.752400495111942291e-03
3.320000000000000000e+04 1.886525191366672516e-03 1.371876802295446396e-03 9.309568558819591999e-04 1.244336250238120556e-03 4.104545223526656628e-04 1.317151123657822609e-03 1.202657003886997700e-03 9.366321028210222721e-04 1.092059654183685780e-03 3.641253570094704628e-04 5.763169843703508377e-03
3.340000000000000000e+04 1.392961014062166214e-03 1.128623494878411293e-03 5.846476415172219276e-04 1.057969173416495323e-03 4.044718516524881124e-04 1.059400732629001141e-03 9.302094113081693649e-04 4.530551377683877945e-04 9.020616998896002769e-04 3.668891149573028088e-04 5.700250156223773956e-03
3.360000000000000000e+04 1.537348260171711445e-03 1.452500582672655582e-03 5.948994075879454613e-04 1.129236305132508278e-03 4.009169642813503742e-04 1.225917483679950237e-03 1.306037884205579758e-03 5.852102185599505901e-04 8.882085094228386879e-04 3.599616175051778555e-04 5.645352881401777267e-03
3.380000000000000000e+04 3.005795180797576904e-03 1.130160060711205006e-03 5.322137149050831795e-04 1.098658423870801926e-03 3.834085946436971426e-04 2.174403052777051926e-03 1.083057373762130737e-03 4.705298924818634987e-04 8.816388435661792755e-04 3.375154628884047270e-04 5.690119229257106781e-03
3.400000000000000000e+04 1.418542116880416870e-03 7.194016361609101295e-04 5.171477096155285835e-04 1.104023307561874390e-03 3.769690520130097866e-04 1.305093639530241489e-03 6.266171112656593323e-04 5.369436694309115410e-04 7.811449468135833740e-04 3.407069016247987747e-04 5.484877619892358780e-03
3.420000000000000000e+04 3.266852349042892456e-03 2.701373770833015442e-03 1.256379066035151482e-03 1.328079728409647942e-03 5.328606348484754562e-04 2.632574411109089851e-03 2.680584322661161423e-03 1.258929725736379623e-03 1.156418118625879288e-03 4.744646721519529819e-04 5.722061730921268463e-03
3.440000000000000000e+04 1.443939632736146450e-03 1.508634770289063454e-03 9.281605016440153122e-04 1.288190018385648727e-03 4.715346149168908596e-04 1.228653476573526859e-03 1.372750615701079369e-03 7.468296680599451065e-04 1.048784819431602955e-03 4.199803515803068876e-04 5.692564882338047028e-03
3.460000000000000000e+04 1.411850680597126484e-03 1.305217621847987175e-03 5.371320294216275215e-04 1.021236996166408062e-03 4.040419589728116989e-04 1.283180899918079376e-03 1.174367731437087059e-03 5.599913420155644417e-04 8.420823141932487488e-04 3.551861736923456192e-04 5.543485749512910843e-03
3.480000000000000000e+04 1.538270851597189903e-03 1.014624955132603645e-03 5.932982312515377998e-04 1.109078410081565380e-03 3.771959454752504826e-04 1.245299470610916615e-03 9.490875527262687683e-04 5.682002520188689232e-04 8.949111215770244598e-04 3.284514532424509525e-04 5.518299527466297150e-03
3.500000000000000000e+04 1.524286111816763878e-03 1.390273100696504116e-03 6.377619574777781963e-04 1.079616136848926544e-03 3.925393393728882074e-04 1.346324919722974300e-03 1.284847501665353775e-03 5.515262600965797901e-04 8.176623960025608540e-04 3.430282231420278549e-04 5.476607941091060638e-03
3.520000000000000000e+04 1.318457070738077164e-03 8.228910155594348907e-04 4.373759147711098194e-04 1.028091646730899811e-03 3.682964597828686237e-04 1.083345618098974228e-03 8.225014316849410534e-04 5.109671619720757008e-04 8.647919166833162308e-04 3.230865113437175751e-04 5.475072190165519714e-03
3.540000000000000000e+04 1.688805059529840946e-03 6.741007091477513313e-04 5.596131668426096439e-04 1.014230074360966682e-03 3.669599536806344986e-04 1.274072797968983650e-03 5.659487796947360039e-04 5.038500530645251274e-04 8.644028566777706146e-04 3.133444697596132755e-04 5.460893269628286362e-03
3.560000000000000000e+04 1.253382069990038872e-03 8.040712564252316952e-04 6.242488161660730839e-04 1.046674558892846107e-03 3.650041471701115370e-04 1.057522953487932682e-03 7.114906329661607742e-04 5.788331036455929279e-04 9.017601842060685158e-04 3.182236105203628540e-04 5.469399504363536835e-03
3.580000000000000000e+04 1.896441914141178131e-03 2.682701451703906059e-03 5.065752193331718445e-04 1.050733495503664017e-03 4.573203623294830322e-04 1.570186112076044083e-03 2.682152437046170235e-03 5.168372881598770618e-04 8.810294093564152718e-04 4.206946759950369596e-04 5.642011761665344238e-03
3.600000000000000000e+04 1.555273775011301041e-03 7.731844671070575714e-04 5.619270959869027138e-04 1.045430894009768963e-03 3.495836281217634678e-04 1.097570755518972874e-03 5.834788316860795021e-04 5.534396041184663773e-04 7.938793860375881195e-04 3.087234799750149250e-04 5.424025934189558029e-03
3.620000000000000000e+04 1.315958099439740181e-03 6.337298545986413956e-04 8.269789395853877068e-04 1.106295967474579811e-03 3.745030262507498264e-04 1.091663842089474201e-03 4.903073422610759735e-04 7.389757083728909492e-04 8.879341767169535160e-04 3.241697559133172035e-04 5.349496379494667053e-03
3.640000000000000000e+04 1.967540942132472992e-03 2.192429499700665474e-03 5.406446289271116257e-04 1.017758389934897423e-03 3.700411471072584391e-04 1.502673840150237083e-03 1.994840102270245552e-03 5.195413250476121902e-04 8.322542998939752579e-04 3.195613389834761620e-04 5.493231117725372314e-03
3.660000000000000000e+04 1.168334158137440681e-03 7.206520531326532364e-04 5.632195388898253441e-04 1.010494888760149479e-03 3.497794386930763721e-04 9.911872912198305130e-04 6.341813132166862488e-04 4.717451811302453279e-04 7.865853258408606052e-04 3.069204976782202721e-04 5.335281603038311005e-03
3.680000000000000000e+04 1.153088989667594433e-03 9.260694496333599091e-04 9.824910666793584824e-04 1.093732309527695179e-03 3.718454681802541018e-04 9.165561641566455364e-04 7.536209304817020893e-04 7.521539228036999702e-04 9.250724688172340393e-04 3.301321412436664104e-04 5.396848544478416443e-03
3.700000000000000000e+04 1.281527336686849594e-03 7.564548286609351635e-04 5.070812185294926167e-04 1.050895778462290764e-03 3.448025672696530819e-04 1.031508902087807655e-03 6.935650599189102650e-04 4.466570680961012840e-04 8.347497205249965191e-04 2.923296997323632240e-04 5.372953135520219803e-03
3.720000000000000000e+04 1.200131606310606003e-03 8.771395660005509853e-04 6.122088525444269180e-04 1.073071733117103577e-03 3.683967224787920713e-04 1.014228328131139278e-03 7.684363517910242081e-04 5.658768932335078716e-04 8.880827808752655983e-04 3.149928234051913023e-04 5.411439109593629837e-03
3.740000000000000000e+04 1.876544789411127567e-03 9.766123257577419281e-04 5.282185738906264305e-04 9.638886549510061741e-04 3.393965598661452532e-04 1.377485110424458981e-03 8.415415650233626366e-04 4.823429335374385118e-04 7.661317940801382065e-04 2.984600723721086979e-04 5.364602897316217422e-03
3.760000000000000000e+04 1.342939329333603382e-03 8.243072079494595528e-04 4.823994240723550320e-04 9.494440164417028427e-04 3.494819975458085537e-04 9.195181773975491524e-04 7.331802044063806534e-04 5.112573271617293358e-04 7.375419372692704201e-04 3.072420076932758093e-04 5.319964606314897537e-03
3.780000000000000000e+04 1.198817975819110870e-03 8.999914862215518951e-04 8.206068305298686028e-04 1.096928957849740982e-03 3.742400149349123240e-04 9.577585151419043541e-04 7.461553905159235001e-04 8.192243403755128384e-04 1.030149171128869057e-03 3.318605304230004549e-04 5.324927158653736115e-03
3.800000000000000000e+04 1.827453728765249252e-03 1.375887193717062473e-03 4.970579757355153561e-04 9.548021480441093445e-04 3.580423654057085514e-04 1.795025775209069252e-03 1.220534555613994598e-03 4.490654682740569115e-04 7.713866652920842171e-04 3.196067991666495800e-04 5.226815585047006607e-03
3.820000000000000000e+04 1.165960915386676788e-03 6.110980175435543060e-04 4.991224850527942181e-04 9.215489844791591167e-04 3.262516693212091923e-04 1.001990051008760929e-03 5.369217833504080772e-04 4.042754881083965302e-04 7.537175551988184452e-04 2.881236432585865259e-04 5.241516511887311935e-03
3.840000000000000000e+04 1.458331360481679440e-03 8.640218293294310570e-04 5.296086310409009457e-04 9.069713414646685123e-04 3.250992449466139078e-04 1.172751188278198242e-03 7.762058521620929241e-04 5.244659259915351868e-04 7.413001731038093567e-04 3.011400694958865643e-04 5.177222657948732376e-03
3.860000000000000000e+04 1.380021451041102409e-03 7.429469842463731766e-04 4.764471086673438549e-04 9.030163055285811424e-04 3.341047558933496475e-04 1.285535283386707306e-03 6.488879444077610970e-04 4.956857883371412754e-04 7.477987091988325119e-04 2.989765489473938942e-04 5.181766580790281296e-03
3.880000000000000000e+04 1.299841562286019325e-03 7.207705639302730560e-04 9.566935477778315544e-04 1.127251656726002693e-03 3.773402422666549683e-04 1.081409864127635956e-03 6.242534145712852478e-04 9.500337764620780945e-04 9.656116599217057228e-04 3.336609806865453720e-04 5.224181804805994034e-03
3.900000000000000000e+04 1.127692637965083122e-03 7.673500222153961658e-04 4.166156577412039042e-04 9.243940585292875767e-04 3.289476153440773487e-04 8.635994745418429375e-04 5.938077811151742935e-04 3.982221242040395737e-04 7.077644113451242447e-04 2.909994800575077534e-04 5.139869172126054764e-03
3.920000000000000000e+04 1.084926305338740349e-03 6.077467696741223335e-04 4.830208781640976667e-04 8.880220120772719383e-04 3.164320369251072407e-04 9.881756268441677094e-04 4.601043765433132648e-04 3.723793197423219681e-04 7.559346267953515053e-04 2.782805240713059902e-04 5.147753283381462097e-03
3.940000000000000000e+04 1.090714707970619202e-03 5.276061128824949265e-04 4.834943101741373539e-04 9.378630202263593674e-04 3.138107131235301495e-04 8.946984307840466499e-04 4.824149655178189278e-04 4.365247732494026423e-04 7.890405249781906605e-04 2.765630779322236776e-04 5.175476428121328354e-03
3.960000000000000000e+04 1.183617627248167992e-03 1.142100314609706402e-03 4.698073607869446278e-04 9.198707411997020245e-04 3.315612557344138622e-04 8.446301799267530441e-04 9.879564167931675911e-04 4.482216900214552879e-04 7.772971875965595245e-04 2.922800194937735796e-04 5.154906306415796280e-03
3.980000000000000000e+04 1.816360047087073326e-03 8.284023497253656387e-04 5.411782767623662949e-04 8.771865395829081535e-04 3.273018228355795145e-04 1.302790711633861065e-03 7.206456502899527550e-04 4.203007847536355257e-04 7.252549985423684120e-04 2.887595619540661573e-04 5.156901665031909943e-03
4.000000000000000000e+04 1.159822917543351650e-03 6.668913410976529121e-04 5.546340253204107285e-04 9.217143524438142776e-04 3.199662314727902412e-04 8.009254815988242626e-04 4.886509850621223450e-04 4.332548123784363270e-04 7.814511191099882126e-04 2.747395774349570274e-04 5.085419397801160812e-03
4.020000000000000000e+04 1.239229575730860233e-03 7.153389742597937584e-04 5.991995567455887794e-04 8.749641710892319679e-04 3.171960706822574139e-04 1.011080574244260788e-03 5.394641775637865067e-04 5.126186879351735115e-04 7.205469300970435143e-04 2.763743977993726730e-04 5.092907231301069260e-03
4.040000000000000000e+04 1.087309094145894051e-03 5.534552037715911865e-04 4.226383753120899200e-04 8.944161236286163330e-04 3.062791365664452314e-04 8.060549735091626644e-04 4.154328780714422464e-04 3.698389045894145966e-04 6.703466642647981644e-04 2.778262132778763771e-04 5.012227222323417664e-03
4.060000000000000000e+04 1.132059260271489620e-03 5.933308275416493416e-04 7.208290626294910908e-04 9.552402189001441002e-04 3.132759884465485811e-04 8.958038524724543095e-04 4.956343327648937702e-04 6.310190656222403049e-04 7.052177679724991322e-04 2.889447205234318972e-04 4.998359829187393188e-03
4.080000000000000000e+04 1.629518694244325161e-03 8.398197824135422707e-04 4.624313150998204947e-04 8.619524305686354637e-04 3.074454725719988346e-04 1.252902788110077381e-03 7.848244858905673027e-04 3.891439700964838266e-04 7.402508636005222797e-04 2.729668922256678343e-04 5.077025853097438812e-03
4.100000000000000000e+04 1.164993736892938614e-03 7.845519576221704483e-04 5.884194979444146156e-04 8.919286774471402168e-04 3.119623288512229919e-04 9.075022535398602486e-04 6.656233454123139381e-04 6.811507046222686768e-04 7.945368997752666473e-04 2.837750944308936596e-04 5.022132303565740585e-03
4.120000000000000000e+04 1.080354442819952965e-03 5.805275286547839642e-04 6.573945283889770508e-04 9.864866733551025391e-04 3.063014592044055462e-04 9.204183006659150124e-04 5.983208538964390755e-04 7.341017480939626694e-04 7.879976183176040649e-04 2.626393397804349661e-04 4.995633848011493683e-03
4.140000000000000000e+04 1.026409212499856949e-03 5.874097696505486965e-04 4.663729923777282238e-04 8.690133108757436275e-04 3.088092198595404625e-04 9.436578257009387016e-04 5.202005850151181221e-04 4.526638367678970098e-04 6.564165232703089714e-04 2.682257909327745438e-04 4.975425545126199722e-03
4.160000000000000000e+04 1.102474634535610676e-03 6.164226215332746506e-04 4.387132939882576466e-04 8.364088134840130806e-04 3.026427002623677254e-04 9.080313611775636673e-04 4.997022915631532669e-04 3.837689873762428761e-04 6.916036945767700672e-04 2.616091514937579632e-04 4.926560912281274796e-03
4.180000000000000000e+04 1.086488482542335987e-03 5.541143473237752914e-04 4.744919133372604847e-04 8.580377325415611267e-04 2.998539130203425884e-04 8.418950019404292107e-04 4.508009005803614855e-04 3.329942992422729731e-04 6.377917015925049782e-04 2.620776067487895489e-04 4.997889511287212372e-03
4.200000000000000000e+04 1.125638606026768684e-03 8.143165614455938339e-04 4.570126184262335300e-04 8.632923127152025700e-04 3.157159080728888512e-04 8.067687158472836018e-04 6.416924297809600830e-04 4.232796491123735905e-04 7.159956148825585842e-04 2.787196717690676451e-04 5.037031602114439011e-03
4.220000000000000000e+04 1.037108013406395912e-03 5.364963435567915440e-04 4.195145738776773214e-04 8.627994102425873280e-04 2.962415455840528011e-04 6.851862417533993721e-04 4.233540385030210018e-04 5.281319608911871910e-04 6.868254276923835278e-04 2.591227239463478327e-04 4.996923729777336121e-03
4.240000000000000000e+04 1.013687229715287685e-03 5.082841962575912476e-04 4.331920645199716091e-04 8.817609050311148167e-04 2.899477258324623108e-04 7.742750458419322968e-04 4.392042756080627441e-04 3.873570240102708340e-04 6.371891358867287636e-04 2.617635764181613922e-04 4.905796144157648087e-03
4.260000000000000000e+04 1.080198213458061218e-03 8.399143698625266552e-04 6.155850715003907681e-04 9.445034665986895561e-04 3.098034067079424858e-04 8.598681888543069363e-04 7.952826563268899918e-04 5.629518418572843075e-04 6.928574293851852417e-04 2.756598405539989471e-04 4.915771074593067169e-03
4.280000000000000000e+04 9.557309676893055439e-04 5.704262875951826572e-04 4.408303939271718264e-04 8.614591788500547409e-04 2.893845667131245136e-04 6.897625862620770931e-04 4.279586428310722113e-04 4.034116864204406738e-04 6.909784860908985138e-04 2.538809785619378090e-04 4.913023672997951508e-03
4.300000000000000000e+04 1.006545964628458023e-03 5.934131331741809845e-04 4.374260315671563148e-04 8.130163187161087990e-04 2.885439607780426741e-04 7.910855347290635109e-04 4.323379544075578451e-04 4.375500720925629139e-04 6.447785417549312115e-04 2.559274144005030394e-04 4.903678782284259796e-03
4.320000000000000000e+04 1.133328885771334171e-03 7.035105372779071331e-04 3.913423279300332069e-04 8.586467010900378227e-04 2.909690374508500099e-04 8.202628814615309238e-04 6.156574818305671215e-04 3.165181842632591724e-04 6.720161763951182365e-04 2.523034927435219288e-04 4.874416626989841461e-03
4.340000000000000000e+04 1.100642839446663857e-03 8.198224240913987160e-04 4.334812692832201719e-04 8.993425290100276470e-04 2.866267459467053413e-04 8.896696963347494602e-04 7.623040582984685898e-04 4.817372537218034267e-04 6.748878513462841511e-04 2.505230659153312445e-04 4.904665984213352203e-03
4.360000000000000000e+04 9.674669709056615829e-04 4.899431951344013214e-04 4.640365368686616421e-04 8.711356204003095627e-04 2.964547602459788322e-04 7.290528155863285065e-04 4.356182762421667576e-04 3.814726369455456734e-04 6.442087469622492790e-04 2.664156490936875343e-04 4.898127634078264236e-03
4.380000000000000000e+04 1.004474121145904064e-03 5.857076030224561691e-04 4.476181347854435444e-04 8.574863313697278500e-04 2.926109591498970985e-04 6.881040753796696663e-04 4.921874497085809708e-04 4.009478434454649687e-04 7.002680795267224312e-04 2.574183163233101368e-04 4.852364771068096161e-03
4.400000000000000000e+04 9.926398051902651787e-04 4.602965200319886208e-04 4.046263056807219982e-04 8.194386027753353119e-04 2.891045878641307354e-04 7.490562275052070618e-04 3.743479610420763493e-04 3.594981099013239145e-04 6.860275752842426300e-04 2.473452477715909481e-04 4.789247643202543259e-03
4.420000000000000000e+04 1.033741980791091919e-03 5.365641554817557335e-04 3.908064390998333693e-04 8.421201491728425026e-04 2.843973343260586262e-04 7.729412754997611046e-04 4.240102134644985199e-04 3.619489725679159164e-04 6.671152077615261078e-04 2.510636695660650730e-04 4.836560692638158798e-03
4.440000000000000000e+04 1.008016755804419518e-03 5.532747600227594376e-04 4.532815946731716394e-04 8.012894541025161743e-04 2.896325604524463415e-04 7.930441061034798622e-04 4.565515555441379547e-04 3.915999259334057570e-04 7.083613309077918530e-04 2.507210592739284039e-04 4.861641209572553635e-03
4.460000000000000000e+04 1.043071853928267956e-03 5.180294392630457878e-04 3.804178559221327305e-04 8.233956177718937397e-04 2.838463988155126572e-04 7.895746966823935509e-04 3.891252272296696901e-04 3.026356280315667391e-04 6.970063550397753716e-04 2.490354236215353012e-04 4.865773487836122513e-03
4.480000000000000000e+04 1.060899114236235619e-03 5.574276437982916832e-04 4.877902683801949024e-04 8.171641384251415730e-04 2.912065247073769569e-04 7.838009623810648918e-04 4.827462835237383842e-04 4.639500111807137728e-04 6.799293914809823036e-04 2.541806898079812527e-04 4.867744166404008865e-03
4.500000000000000000e+04 1.004038844257593155e-03 5.383020034059882164e-04 3.937016590498387814e-04 7.865973748266696930e-04 2.803424140438437462e-04 8.627325878478586674e-04 4.198740934953093529e-04 3.983965143561363220e-04 6.133600836619734764e-04 2.496986999176442623e-04 4.828993231058120728e-03
4.520000000000000000e+04 1.054397318512201309e-03 4.922338994219899178e-04 4.252081562299281359e-04 8.061656262725591660e-04 2.830830926541239023e-04 8.650026866234838963e-04 4.201473784632980824e-04 3.768384922295808792e-04 6.779404939152300358e-04 2.449580351822078228e-04 4.861890338361263275e-03
4.540000000000000000e+04 9.641333017498254776e-04 4.959430079907178879e-04 4.520638613030314445e-04 8.077652892097830772e-04 2.853822952602058649e-04 7.552651222795248032e-04 4.380742902867496014e-04 3.208039270248264074e-04 6.395290256477892399e-04 2.474962675478309393e-04 4.826360382139682770e-03
4.560000000000000000e+04 9.477873682044446468e-04 4.951609880663454533e-04 3.865660983137786388e-04 8.286706870421767235e-04 2.831147867254912853e-04 7.718502311035990715e-04 4.247271572239696980e-04 3.711392055265605450e-04 6.621653446927666664e-04 2.448236627969890833e-04 4.760686308145523071e-03
4.580000000000000000e+04 9.914464317262172699e-04 4.831583937630057335e-04 4.341780440881848335e-04 7.716884138062596321e-04 2.770290011540055275e-04 7.494623423554003239e-04 4.268157063052058220e-04 3.165049129165709019e-04 6.452503148466348648e-04 2.443471748847514391e-04 4.829365760087966919e-03
4.600000000000000000e+04 1.005650963634252548e-03 4.830128164030611515e-04 3.495902055874466896e-04 7.778521394357085228e-04 2.745972888078540564e-04 7.777004502713680267e-04 4.260362766217440367e-04 2.972120128106325865e-04 6.437179981730878353e-04 2.433818590361624956e-04 4.813128616660833359e-03
4.620000000000000000e+04 9.362233686260879040e-04 4.996459465473890305e-04 4.235722590237855911e-04 7.789740338921546936e-04 2.738783950917422771e-04 7.188366726040840149e-04 4.074412572663277388e-04 4.545832052826881409e-04 6.495328852906823158e-04 2.381831873208284378e-04 4.740682430565357208e-03
4.640000000000000000e+04 9.137934539467096329e-04 4.889953415840864182e-04 4.198214446660131216e-04 8.051303448155522346e-04 2.733128203544765711e-04 7.545007974840700626e-04 4.732761008199304342e-04 3.618660266511142254e-04 6.608249968849122524e-04 2.392125607002526522e-04 4.780332557857036591e-03
4.660000000000000000e+04 9.525594068691134453e-04 4.708716296590864658e-04 4.305447801016271114e-04 7.976340129971504211e-04 2.706185332499444485e-04 6.185509846545755863e-04 4.290087090339511633e-04 2.894730423577129841e-04 6.822458235546946526e-04 2.357343910261988640e-04 4.713705275207757950e-03
4.680000000000000000e+04 9.351715561933815479e-04 4.957119235768914223e-04 4.288617637939751148e-04 8.083382854238152504e-04 2.752473519649356604e-04 7.910747663117945194e-04 4.055173776578158140e-04 3.295336500741541386e-04 6.686508422717452049e-04 2.411008172202855349e-04 4.752737935632467270e-03
4.700000000000000000e+04 9.437054395675659180e-04 5.269650137051939964e-04 3.963882627431303263e-04 7.975432090461254120e-04 2.738223120104521513e-04 7.452092831954360008e-04 4.143272817600518465e-04 3.082992334384471178e-04 6.039356812834739685e-04 2.358839847147464752e-04 4.757218062877655029e-03
4.720000000000000000e+04 9.357040980830788612e-04 5.092115607112646103e-04 3.811118367593735456e-04 7.722642039880156517e-04 2.747235121205449104e-04 8.810287108644843102e-04 4.217716341372579336e-04 4.173654597252607346e-04 6.098659941926598549e-04 2.390270237810909748e-04 4.703072831034660339e-03
4.740000000000000000e+04 9.231247240677475929e-04 4.785908386111259460e-04 4.140688979532569647e-04 7.588433800265192986e-04 2.731978602241724730e-04 7.113700266927480698e-04 4.299502470530569553e-04 4.475903115235269070e-04 6.307703442871570587e-04 2.379057987127453089e-04 4.734149668365716934e-03
4.760000000000000000e+04 8.907576557248830795e-04 4.777612048201262951e-04 3.502654726617038250e-04 7.513583404943346977e-04 2.751777938101440668e-04 7.623283891007304192e-04 3.949930542148649693e-04 4.171478794887661934e-04 6.033893441781401634e-04 2.311688003828749061e-04 4.678271710872650146e-03
4.780000000000000000e+04 8.902102708816528320e-04 4.776061396114528179e-04 4.100612422917038202e-04 8.024757262319326401e-04 2.687675878405570984e-04 6.297080544754862785e-04 3.953310661017894745e-04 4.273238009773194790e-04 5.482553387992084026e-04 2.359483041800558567e-04 4.670228809118270874e-03
4.800000000000000000e+04 8.933630306273698807e-04 4.913863376714289188e-04 4.140255914535373449e-04 8.163829334080219269e-04 2.665366337168961763e-04 6.106127984821796417e-04 3.708947624545544386e-04 3.840060089714825153e-04 5.555164534598588943e-04 2.365183609072118998e-04 4.648893605917692184e-03
4.820000000000000000e+04 9.587991517037153244e-04 4.962083185091614723e-04 3.863793681375682354e-04 7.937893969938158989e-04 2.674506104085594416e-04 7.599166128784418106e-04 4.191491170786321163e-04 4.048183618579059839e-04 6.258502253331243992e-04 2.418881922494620085e-04 4.690649919211864471e-03
4.840000000000000000e+04 8.468475425615906715e-04 5.081256385892629623e-04 4.423710925038903952e-04 7.269316120073199272e-04 2.648336230777204037e-04 6.744934362359344959e-04 4.256039683241397142e-04 4.331996897235512733e-04 5.892840563319623470e-04 2.411444147583097219e-04 4.633860196918249130e-03
4.860000000000000000e+04 8.917597588151693344e-04 4.859006148763000965e-04 4.671470378525555134e-04 7.582809776067733765e-04 2.639272424858063459e-04 6.096510333009064198e-04 3.876023693010210991e-04 3.281432727817445993e-04 6.033928366377949715e-04 2.322161017218604684e-04 4.670381080359220505e-03
4.880000000000000000e+04 9.175624581985175610e-04 4.548847209662199020e-04 4.263012669980525970e-04 7.718514534644782543e-04 2.678174641914665699e-04 6.746714934706687927e-04 3.928401565644890070e-04 4.030257405247539282e-04 5.601058946922421455e-04 2.332902222406119108e-04 4.624120425432920456e-03
4.900000000000000000e+04 9.272553143091499805e-04 4.709701170213520527e-04 4.115850315429270267e-04 7.788976654410362244e-04 2.670490648597478867e-04 6.931596435606479645e-04 3.965513024013489485e-04 4.467608523555099964e-04 5.591686349362134933e-04 2.288149262312799692e-04 4.621419124305248260e-03
4.920000000000000000e+04 9.384593577124178410e-04 4.669718910008668900e-04 4.309704527258872986e-04 7.333143148571252823e-04 2.590419317129999399e-04 7.017186144366860390e-04 3.583649813663214445e-04 4.533735336735844612e-04 5.542826838791370392e-04 2.314714947715401649e-04 4.583867266774177551e-03
4.940000000000000000e+04 9.389725746586918831e-04 4.879167536273598671e-04 3.934288979507982731e-04 7.251934730447828770e-04 2.611513482406735420e-04 7.575281197205185890e-04 3.751593176275491714e-04 3.478844009805470705e-04 5.968658952042460442e-04 2.316870668437331915e-04 4.676790442317724228e-03
4.960000000000000000e+04 9.392903302796185017e-04 5.096293753013014793e-04 4.024134250357747078e-04 7.491178112104535103e-04 2.607559727039188147e-04 8.223870536312460899e-04 4.090633010491728783e-04 3.007986524607986212e-04 5.790122668258845806e-04 2.321443607797846198e-04 4.681856371462345123e-03
4.980000000000000000e+04 8.898100350052118301e-04 4.756312991958111525e-04 4.183424753136932850e-04 7.984528201632201672e-04 2.650017268024384975e-04 7.173058111220598221e-04 3.864275349769741297e-04 3.502626495901495218e-04 5.682735354639589787e-04 2.356375916860997677e-04 4.675258882343769073e-03
5.000000000000000000e+04 8.785597747191786766e-04 4.757903225254267454e-04 4.500024078879505396e-04 7.380166789516806602e-04 2.616051642689853907e-04 8.085995214059948921e-04 3.937766887247562408e-04 4.793323751073330641e-04 5.779399652965366840e-04 2.337167970836162567e-04 4.656530916690826416e-03
